{
    "trj_id": [
        0,
        6,
        12,
        17,
        22,
        27,
        32,
        37,
        45,
        51,
        55,
        59,
        64,
        69,
        74
    ],
    "trj_est": [
        [
            [
                0.8565045907016036,
                0.3657903301947712,
                -0.3641391498357176,
                1.3013000000000001
            ],
            [
                0.515472895780805,
                -0.5703826028174923,
                0.639493064949491,
                0.8587000000000004
            ],
            [
                0.02622174331409512,
                -0.7354326078840551,
                -0.6770903185236271,
                1.5166
            ],
            [
                0.0,
                0.0,
                0.0,
                1.0
            ]
        ],
        [
            [
                0.9195726761636691,
                0.251410692636907,
                -0.3019634444632234,
                1.3414264501810007
            ],
            [
                0.3928911118812391,
                -0.5981794770382608,
                0.69844079065346,
                0.809044471126318
            ],
            [
                -0.005032900710459242,
                -0.7609053014391635,
                -0.6488445816966683,
                1.5330569224824082
            ],
            [
                0.0,
                0.0,
                0.0,
                1.0
            ]
        ],
        [
            [
                0.9177640735960058,
                0.21532741144640866,
                -0.3336948417686138,
                1.363159245782442
            ],
            [
                0.3965577124346411,
                -0.5422191420647479,
                0.7407725207778916,
                0.7147085099525717
            ],
            [
                -0.0214262704797648,
                -0.8121824790035425,
                -0.5830139386864253,
                1.5559961536333402
            ],
            [
                0.0,
                0.0,
                0.0,
                1.0
            ]
        ],
        [
            [
                0.862599580108732,
                0.2641701026041146,
                -0.4314475883846054,
                1.3430250232295209
            ],
            [
                0.5052938222698006,
                -0.4915415940098143,
                0.7092756752754125,
                0.6248451661764798
            ],
            [
                -0.02470398824509429,
                -0.8298258170786512,
                -0.557479780626333,
                1.5601401301472044
            ],
            [
                0.0,
                0.0,
                0.0,
                1.0
            ]
        ],
        [
            [
                0.7652630748658713,
                0.3367486153410426,
                -0.5486216222364211,
                1.3146718051572148
            ],
            [
                0.6424543855021737,
                -0.4531169020330113,
                0.6180198541857985,
                0.5736570285917802
            ],
            [
                -0.04047049722692337,
                -0.8254061796228852,
                -0.5630933258813923,
                1.5661820710676417
            ],
            [
                0.0,
                0.0,
                0.0,
                1.0
            ]
        ],
        [
            [
                0.6228026648912152,
                0.4369174908337041,
                -0.6490270665689596,
                1.2542545917939372
            ],
            [
                0.7823582561440693,
                -0.3552956144211646,
                0.5115631717955335,
                0.5291902846214634
            ],
            [
                -0.007084002734753398,
                -0.8263643190444575,
                -0.5630993664217561,
                1.5666595299242188
            ],
            [
                0.0,
                0.0,
                0.0,
                1.0
            ]
        ],
        [
            [
                0.48386627546972644,
                0.5031096345566946,
                -0.7160811589843408,
                1.2273379944061154
            ],
            [
                0.8737700966377663,
                -0.23172457490462497,
                0.42760864528695797,
                0.49209184375764825
            ],
            [
                0.04920141843988031,
                -0.8325841973624333,
                -0.5517198034741263,
                1.5593833731401308
            ],
            [
                0.0,
                0.0,
                0.0,
                1.0
            ]
        ],
        [
            [
                0.3334209740572668,
                0.5682159307023064,
                -0.7523175128047866,
                1.219671952957665
            ],
            [
                0.9347934525307253,
                -0.09552979546193201,
                0.34213692479134217,
                0.45447223464491193
            ],
            [
                0.1225384768425558,
                -0.8173225322143223,
                -0.5630100183438925,
                1.5436668618395848
            ],
            [
                0.0,
                0.0,
                0.0,
                1.0
            ]
        ],
        [
            [
                0.16725180578341964,
                0.6054704030168384,
                -0.7781150215678738,
                1.257252493790389
            ],
            [
                0.9845313906252801,
                -0.06058716236388892,
                0.16447265706481615,
                0.4355505073804679
            ],
            [
                0.052439180041778624,
                -0.7935713802799645,
                -0.6062296476781885,
                1.5058372848926338
            ],
            [
                0.0,
                0.0,
                0.0,
                1.0
            ]
        ],
        [
            [
                0.2584605860496042,
                0.6068758971223172,
                -0.7516203745446747,
                1.2857642318557336
            ],
            [
                0.9659101631253201,
                -0.1497909547505447,
                0.21119997174914534,
                0.3981746981547337
            ],
            [
                0.015586705183237536,
                -0.7805705094600768,
                -0.6248926918915901,
                1.4747309752868383
            ],
            [
                0.0,
                0.0,
                0.0,
                1.0
            ]
        ],
        [
            [
                0.2997458815557638,
                0.6021363729620869,
                -0.740011904977091,
                1.2851114028852098
            ],
            [
                0.9535819246189163,
                -0.16521428151151968,
                0.2518159522802222,
                0.348721047337242
            ],
            [
                0.029367020427036414,
                -0.7811285682714983,
                -0.62369996561582,
                1.456900399592826
            ],
            [
                0.0,
                0.0,
                0.0,
                1.0
            ]
        ],
        [
            [
                0.3671083076746531,
                0.5968789667370027,
                -0.7134456951050476,
                1.2687574250911267
            ],
            [
                0.9301672621709098,
                -0.22950710485490758,
                0.28661031102913626,
                0.29430643921367317
            ],
            [
                0.007330672230881567,
                -0.7688250676785224,
                -0.639440086919532,
                1.4419248879143076
            ],
            [
                0.0,
                0.0,
                0.0,
                1.0
            ]
        ],
        [
            [
                0.4626030277638974,
                0.5942012906870198,
                -0.6579982721306482,
                1.2346302201635593
            ],
            [
                0.8857057062788394,
                -0.3428005980617685,
                0.31312333564237255,
                0.22839243296143602
            ],
            [
                -0.03950325516725143,
                -0.7276287787863529,
                -0.6848549047076035,
                1.4393160764778765
            ],
            [
                0.0,
                0.0,
                0.0,
                1.0
            ]
        ],
        [
            [
                0.5547619397817991,
                0.5359113065800711,
                -0.6364634893347064,
                1.1820597755578413
            ],
            [
                0.8234679405992499,
                -0.4631309656628622,
                0.3277908741266341,
                0.15177566220143932
            ],
            [
                -0.11909688792955832,
                -0.7059352727582375,
                -0.6982147953311305,
                1.4641599135448549
            ],
            [
                0.0,
                0.0,
                0.0,
                1.0
            ]
        ],
        [
            [
                0.584252903029214,
                0.530516848881986,
                -0.6142098463489835,
                1.1258441903567382
            ],
            [
                0.8079264380951611,
                -0.45211559879873414,
                0.3780028499166346,
                0.07590188808779698
            ],
            [
                -0.07715651167860374,
                -0.7170646380799917,
                -0.6927473167470258,
                1.509963511931426
            ],
            [
                0.0,
                0.0,
                0.0,
                1.0
            ]
        ]
    ],
    "trj_gt": [
        [
            [
                0.8565045907016036,
                0.3657903301947712,
                -0.3641391498357176,
                1.3013000000000001
            ],
            [
                0.515472895780805,
                -0.5703826028174923,
                0.639493064949491,
                0.8587000000000004
            ],
            [
                0.02622174331409512,
                -0.7354326078840551,
                -0.6770903185236271,
                1.5166
            ],
            [
                0.0,
                0.0,
                0.0,
                1.0
            ]
        ],
        [
            [
                0.915630211488677,
                0.25637875763940016,
                -0.30966312089184717,
                1.3531
            ],
            [
                0.4019766674108741,
                -0.5953619264541178,
                0.6956715714948319,
                0.8096999999999995
            ],
            [
                -0.006006218981070387,
                -0.7614552574906286,
                -0.6481896452223161,
                1.5335000000000003
            ],
            [
                0.0,
                0.0,
                0.0,
                1.0
            ]
        ],
        [
            [
                0.9075399275617232,
                0.22482925673276638,
                -0.3547154989540975,
                1.3850000000000002
            ],
            [
                0.4191660136213815,
                -0.537029702645547,
                0.7320511945903749,
                0.7190999999999995
            ],
            [
                -0.025906232956998017,
                -0.8130503697763302,
                -0.5816166807275654,
                1.5602
            ],
            [
                0.0,
                0.0,
                0.0,
                1.0
            ]
        ],
        [
            [
                0.8468828982055754,
                0.2723778032497898,
                -0.45672714942703374,
                1.3781
            ],
            [
                0.5305008274670163,
                -0.4922534453723155,
                0.6901126122423034,
                0.6416000000000001
            ],
            [
                -0.036854155583001175,
                -0.8267386998416753,
                -0.5613776744762481,
                1.5737
            ],
            [
                0.0,
                0.0,
                0.0,
                1.0
            ]
        ],
        [
            [
                0.7478203217957843,
                0.3424618092763308,
                -0.5687571322598354,
                1.3436
            ],
            [
                0.6619956096893624,
                -0.44950425284906104,
                0.5997564000680742,
                0.5769999999999997
            ],
            [
                -0.050265087896660475,
                -0.8250247486335114,
                -0.5628566292413651,
                1.5831
            ],
            [
                0.0,
                0.0,
                0.0,
                1.0
            ]
        ],
        [
            [
                0.59374237475367,
                0.4336969826078438,
                -0.6777735017679022,
                1.2954999999999997
            ],
            [
                0.8043403364588915,
                -0.34345450404932887,
                0.4848459825485066,
                0.5257000000000004
            ],
            [
                -0.0225081222466492,
                -0.8330341715230422,
                -0.5527634697660913,
                1.5851000000000004
            ],
            [
                0.0,
                0.0,
                0.0,
                1.0
            ]
        ],
        [
            [
                0.4677955958883367,
                0.49431477911411464,
                -0.7326801345859186,
                1.2618999999999996
            ],
            [
                0.8833039629148366,
                -0.23269477070806985,
                0.40697328264158017,
                0.4866
            ],
            [
                0.030682072394490566,
                -0.8375595756926684,
                -0.545483792242351,
                1.5814000000000001
            ],
            [
                0.0,
                0.0,
                0.0,
                1.0
            ]
        ],
        [
            [
                0.3138758670258673,
                0.5569195817272938,
                -0.7689749798188862,
                1.2477999999999996
            ],
            [
                0.9439117488619692,
                -0.09557110139885118,
                0.3160645107217041,
                0.44789999999999996
            ],
            [
                0.1025307293405231,
                -0.8250495403708236,
                -0.5556803986778677,
                1.5663000000000002
            ],
            [
                0.0,
                0.0,
                0.0,
                1.0
            ]
        ],
        [
            [
                0.16467494296128707,
                0.587115018375238,
                -0.792576884825025,
                1.2847999999999997
            ],
            [
                0.9859197991521306,
                -0.07430690170051388,
                0.14980198262871125,
                0.41650000000000015
            ],
            [
                0.029057061112910232,
                -0.8060858760441806,
                -0.5910848057948762,
                1.5234000000000003
            ],
            [
                0.0,
                0.0,
                0.0,
                1.0
            ]
        ],
        [
            [
                0.25530227301653674,
                0.5915560670868729,
                -0.7647758945503585,
                1.3153999999999995
            ],
            [
                0.9668573528558341,
                -0.15845792608745804,
                0.2001947673858403,
                0.3751999999999998
            ],
            [
                -0.002758372925991386,
                -0.7905393760925339,
                -0.6124050017970364,
                1.4901000000000002
            ],
            [
                0.0,
                0.0,
                0.0,
                1.0
            ]
        ],
        [
            [
                0.29508055859248533,
                0.5813101537262809,
                -0.7582914803131277,
                1.3148000000000002
            ],
            [
                0.9554236607851921,
                -0.1715039531395248,
                0.24031650477929586,
                0.3264000000000001
            ],
            [
                0.009648437830491222,
                -0.7954023505322593,
                -0.6060049574179961,
                1.4724000000000002
            ],
            [
                0.0,
                0.0,
                0.0,
                1.0
            ]
        ],
        [
            [
                0.36129147873360973,
                0.5784360336258959,
                -0.7313550590497222,
                1.2996999999999999
            ],
            [
                0.932359999851997,
                -0.2351736680949295,
                0.2745872839567779,
                0.2758000000000001
            ],
            [
                -0.01316427250044071,
                -0.7810922486095461,
                -0.6242768625310543,
                1.4588
            ],
            [
                0.0,
                0.0,
                0.0,
                1.0
            ]
        ],
        [
            [
                0.4575839769851807,
                0.5798359037157935,
                -0.6740973436889622,
                1.2684000000000002
            ],
            [
                0.8870234197624028,
                -0.35027983286876624,
                0.30082136140646887,
                0.2078999999999999
            ],
            [
                -0.06169567893651354,
                -0.7355911659662033,
                -0.6746104651968012,
                1.4564999999999995
            ],
            [
                0.0,
                0.0,
                0.0,
                1.0
            ]
        ],
        [
            [
                0.5511670196008434,
                0.5199800987501083,
                -0.6525608120383505,
                1.2193000000000005
            ],
            [
                0.8227275577505269,
                -0.46900381929251533,
                0.32117718350917657,
                0.1261999999999995
            ],
            [
                -0.1390477695692283,
                -0.7139020341705584,
                -0.6863013939844226,
                1.4818999999999996
            ],
            [
                0.0,
                0.0,
                0.0,
                1.0
            ]
        ],
        [
            [
                0.5771212952512633,
                0.5158757132268417,
                -0.6330902455971043,
                1.1653000000000002
            ],
            [
                0.8112515317895252,
                -0.4512069063513378,
                0.37186459878564,
                0.05169999999999998
            ],
            [
                -0.09381877603472215,
                -0.7282064104109172,
                -0.6789060767880889,
                1.5298
            ],
            [
                0.0,
                0.0,
                0.0,
                1.0
            ]
        ]
    ]
}