{
    "trj_id": [
        0,
        6,
        12,
        17,
        22
    ],
    "trj_est": [
        [
            [
                0.8565045907016036,
                0.3657903301947712,
                -0.3641391498357176,
                1.3013000000000001
            ],
            [
                0.515472895780805,
                -0.5703826028174923,
                0.639493064949491,
                0.8587000000000004
            ],
            [
                0.02622174331409512,
                -0.7354326078840551,
                -0.6770903185236271,
                1.5166
            ],
            [
                0.0,
                0.0,
                0.0,
                1.0
            ]
        ],
        [
            [
                0.919574021638469,
                0.2514134809565731,
                -0.3019569654096938,
                1.3414066529675939
            ],
            [
                0.39288810759786985,
                -0.5981633060289564,
                0.6984562493657603,
                0.8090692236267415
            ],
            [
                -0.005018310398373305,
                -0.7609168435512097,
                -0.6488309517163563,
                1.5330263903907897
            ],
            [
                0.0,
                0.0,
                0.0,
                1.0
            ]
        ],
        [
            [
                0.9175988780371367,
                0.21602419998120342,
                -0.3337002509141344,
                1.3630248876003523
            ],
            [
                0.39696686378168733,
                -0.5421863051421223,
                0.7405777047135133,
                0.715274442388166
            ],
            [
                -0.020944263961300395,
                -0.8120198058544768,
                -0.5832585728504893,
                1.5562737800622013
            ],
            [
                0.0,
                0.0,
                0.0,
                1.0
            ]
        ],
        [
            [
                0.8620225480088572,
                0.26490553579158854,
                -0.4321494085691244,
                1.3441845904975502
            ],
            [
                0.5062864946622578,
                -0.4912299261991098,
                0.7087834750085897,
                0.6252882061162564
            ],
            [
                -0.024522675384769075,
                -0.8297759075551635,
                -0.5575631537362578,
                1.560524425320926
            ],
            [
                0.0,
                0.0,
                0.0,
                1.0
            ]
        ],
        [
            [
                0.7620774195256368,
                0.3366022374108774,
                -0.5531283149001314,
                1.3199023519349236
            ],
            [
                0.6459896467125685,
                -0.45349178595304446,
                0.6140472290447907,
                0.579898739782568
            ],
            [
                -0.044147544835133654,
                -0.8252606111719106,
                -0.5630305263319049,
                1.5660200436663247
            ],
            [
                0.0,
                0.0,
                0.0,
                1.0
            ]
        ]
    ],
    "trj_gt": [
        [
            [
                0.8565045907016036,
                0.3657903301947712,
                -0.3641391498357176,
                1.3013000000000001
            ],
            [
                0.515472895780805,
                -0.5703826028174923,
                0.639493064949491,
                0.8587000000000004
            ],
            [
                0.02622174331409512,
                -0.7354326078840551,
                -0.6770903185236271,
                1.5166
            ],
            [
                0.0,
                0.0,
                0.0,
                1.0
            ]
        ],
        [
            [
                0.915630211488677,
                0.25637875763940016,
                -0.30966312089184717,
                1.3531
            ],
            [
                0.4019766674108741,
                -0.5953619264541178,
                0.6956715714948319,
                0.8096999999999995
            ],
            [
                -0.006006218981070387,
                -0.7614552574906286,
                -0.6481896452223161,
                1.5335000000000003
            ],
            [
                0.0,
                0.0,
                0.0,
                1.0
            ]
        ],
        [
            [
                0.9075399275617232,
                0.22482925673276638,
                -0.3547154989540975,
                1.3850000000000002
            ],
            [
                0.4191660136213815,
                -0.537029702645547,
                0.7320511945903749,
                0.7190999999999995
            ],
            [
                -0.025906232956998017,
                -0.8130503697763302,
                -0.5816166807275654,
                1.5602
            ],
            [
                0.0,
                0.0,
                0.0,
                1.0
            ]
        ],
        [
            [
                0.8468828982055754,
                0.2723778032497898,
                -0.45672714942703374,
                1.3781
            ],
            [
                0.5305008274670163,
                -0.4922534453723155,
                0.6901126122423034,
                0.6416000000000001
            ],
            [
                -0.036854155583001175,
                -0.8267386998416753,
                -0.5613776744762481,
                1.5737
            ],
            [
                0.0,
                0.0,
                0.0,
                1.0
            ]
        ],
        [
            [
                0.7478203217957843,
                0.3424618092763308,
                -0.5687571322598354,
                1.3436
            ],
            [
                0.6619956096893624,
                -0.44950425284906104,
                0.5997564000680742,
                0.5769999999999997
            ],
            [
                -0.050265087896660475,
                -0.8250247486335114,
                -0.5628566292413651,
                1.5831
            ],
            [
                0.0,
                0.0,
                0.0,
                1.0
            ]
        ]
    ]
}