{
    "trj_id": [
        0,
        6,
        12,
        17,
        22,
        27,
        32,
        37,
        45,
        51,
        55,
        59,
        64,
        69,
        74,
        79,
        85,
        90,
        94,
        98,
        101,
        104,
        110,
        114,
        119,
        122,
        127,
        132,
        136,
        140,
        144,
        148,
        151,
        156,
        159,
        162,
        166,
        171,
        174,
        180
    ],
    "trj_est": [
        [
            [
                0.8565045907016036,
                0.3657903301947712,
                -0.3641391498357176,
                1.3013000000000001
            ],
            [
                0.515472895780805,
                -0.5703826028174923,
                0.639493064949491,
                0.8587000000000004
            ],
            [
                0.02622174331409512,
                -0.7354326078840551,
                -0.6770903185236271,
                1.5166
            ],
            [
                0.0,
                0.0,
                0.0,
                1.0
            ]
        ],
        [
            [
                0.9195726761636691,
                0.251410692636907,
                -0.3019634444632234,
                1.3414264501810007
            ],
            [
                0.3928911118812391,
                -0.5981794770382608,
                0.69844079065346,
                0.809044471126318
            ],
            [
                -0.005032900710459242,
                -0.7609053014391635,
                -0.6488445816966683,
                1.5330569224824082
            ],
            [
                0.0,
                0.0,
                0.0,
                1.0
            ]
        ],
        [
            [
                0.9177640735960058,
                0.21532741144640866,
                -0.3336948417686138,
                1.363159245782442
            ],
            [
                0.3965577124346411,
                -0.5422191420647479,
                0.7407725207778916,
                0.7147085099525717
            ],
            [
                -0.0214262704797648,
                -0.8121824790035425,
                -0.5830139386864253,
                1.5559961536333402
            ],
            [
                0.0,
                0.0,
                0.0,
                1.0
            ]
        ],
        [
            [
                0.862599580108732,
                0.2641701026041146,
                -0.4314475883846054,
                1.3430250232295209
            ],
            [
                0.5052938222698006,
                -0.4915415940098143,
                0.7092756752754125,
                0.6248451661764798
            ],
            [
                -0.02470398824509429,
                -0.8298258170786512,
                -0.557479780626333,
                1.5601401301472044
            ],
            [
                0.0,
                0.0,
                0.0,
                1.0
            ]
        ],
        [
            [
                0.7652630748658713,
                0.3367486153410426,
                -0.5486216222364211,
                1.3146718051572148
            ],
            [
                0.6424543855021737,
                -0.4531169020330113,
                0.6180198541857985,
                0.5736570285917802
            ],
            [
                -0.04047049722692337,
                -0.8254061796228852,
                -0.5630933258813923,
                1.5661820710676417
            ],
            [
                0.0,
                0.0,
                0.0,
                1.0
            ]
        ],
        [
            [
                0.6228026648912152,
                0.4369174908337041,
                -0.6490270665689596,
                1.2542545917939372
            ],
            [
                0.7823582561440693,
                -0.3552956144211646,
                0.5115631717955335,
                0.5291902846214634
            ],
            [
                -0.007084002734753398,
                -0.8263643190444575,
                -0.5630993664217561,
                1.5666595299242188
            ],
            [
                0.0,
                0.0,
                0.0,
                1.0
            ]
        ],
        [
            [
                0.48386627546972644,
                0.5031096345566946,
                -0.7160811589843408,
                1.2273379944061154
            ],
            [
                0.8737700966377663,
                -0.23172457490462497,
                0.42760864528695797,
                0.49209184375764825
            ],
            [
                0.04920141843988031,
                -0.8325841973624333,
                -0.5517198034741263,
                1.5593833731401308
            ],
            [
                0.0,
                0.0,
                0.0,
                1.0
            ]
        ],
        [
            [
                0.3334209740572668,
                0.5682159307023064,
                -0.7523175128047866,
                1.219671952957665
            ],
            [
                0.9347934525307253,
                -0.09552979546193201,
                0.34213692479134217,
                0.45447223464491193
            ],
            [
                0.1225384768425558,
                -0.8173225322143223,
                -0.5630100183438925,
                1.5436668618395848
            ],
            [
                0.0,
                0.0,
                0.0,
                1.0
            ]
        ],
        [
            [
                0.16725180578341964,
                0.6054704030168384,
                -0.7781150215678738,
                1.257252493790389
            ],
            [
                0.9845313906252801,
                -0.06058716236388892,
                0.16447265706481615,
                0.4355505073804679
            ],
            [
                0.052439180041778624,
                -0.7935713802799645,
                -0.6062296476781885,
                1.5058372848926338
            ],
            [
                0.0,
                0.0,
                0.0,
                1.0
            ]
        ],
        [
            [
                0.2584605860496042,
                0.6068758971223172,
                -0.7516203745446747,
                1.2857642318557336
            ],
            [
                0.9659101631253201,
                -0.1497909547505447,
                0.21119997174914534,
                0.3981746981547337
            ],
            [
                0.015586705183237536,
                -0.7805705094600768,
                -0.6248926918915901,
                1.4747309752868383
            ],
            [
                0.0,
                0.0,
                0.0,
                1.0
            ]
        ],
        [
            [
                0.2997458815557638,
                0.6021363729620869,
                -0.740011904977091,
                1.2851114028852098
            ],
            [
                0.9535819246189163,
                -0.16521428151151968,
                0.2518159522802222,
                0.348721047337242
            ],
            [
                0.029367020427036414,
                -0.7811285682714983,
                -0.62369996561582,
                1.456900399592826
            ],
            [
                0.0,
                0.0,
                0.0,
                1.0
            ]
        ],
        [
            [
                0.3672114332654052,
                0.5967889664131665,
                -0.7134679662671105,
                1.268601132022436
            ],
            [
                0.9301233569076551,
                -0.22923111384369388,
                0.2869730564031137,
                0.29455218149147644
            ],
            [
                0.007713092396805303,
                -0.7689771866481911,
                -0.6392525821918381,
                1.441704384683547
            ],
            [
                0.0,
                0.0,
                0.0,
                1.0
            ]
        ],
        [
            [
                0.4628378014135865,
                0.5935630344877466,
                -0.6584094428300922,
                1.234654027182744
            ],
            [
                0.8855478702556647,
                -0.34334164370079423,
                0.3129772585045049,
                0.22823976900280837
            ],
            [
                -0.04028703659019078,
                -0.7278945941380079,
                -0.68452708458967,
                1.4385864956689078
            ],
            [
                0.0,
                0.0,
                0.0,
                1.0
            ]
        ],
        [
            [
                0.5555565710040817,
                0.5347299148333369,
                -0.6367652744353034,
                1.181979277133458
            ],
            [
                0.8229259787146819,
                -0.46330743327518653,
                0.3289014983856675,
                0.15112730784332057
            ],
            [
                -0.11914244270560576,
                -0.706715594651385,
                -0.6974173341633192,
                1.4622697335202781
            ],
            [
                0.0,
                0.0,
                0.0,
                1.0
            ]
        ],
        [
            [
                0.5847126870407635,
                0.5300453871426506,
                -0.6141807598957406,
                1.1253088413299464
            ],
            [
                0.8074837683677654,
                -0.45331337042662706,
                0.37751634303844617,
                0.07731212675586259
            ],
            [
                -0.07831549815300855,
                -0.7166586854475323,
                -0.6930382059692342,
                1.5095030851993605
            ],
            [
                0.0,
                0.0,
                0.0,
                1.0
            ]
        ],
        [
            [
                0.6048925374465923,
                0.5356809309041259,
                -0.5892452708463803,
                1.083571203908206
            ],
            [
                0.7952010550026198,
                -0.445865688834216,
                0.4109755851918108,
                0.011298469800085455
            ],
            [
                -0.04257386410180247,
                -0.717140952218091,
                -0.695652162017445,
                1.5606350010620418
            ],
            [
                0.0,
                0.0,
                0.0,
                1.0
            ]
        ],
        [
            [
                0.6220862759601854,
                0.5926376275603757,
                -0.5117158350000469,
                1.0215580872479897
            ],
            [
                0.7825327296979362,
                -0.4484077165515561,
                0.4319930299013296,
                -0.02827944671710221
            ],
            [
                0.026554973273672934,
                -0.6691459950176081,
                -0.7426810215940514,
                1.6062544929181013
            ],
            [
                0.0,
                0.0,
                0.0,
                1.0
            ]
        ],
        [
            [
                0.698988715069439,
                0.5572356578614288,
                -0.4483000481314576,
                0.9629621961179773
            ],
            [
                0.7108805128863834,
                -0.47273228963534447,
                0.5207908015234113,
                -0.04308186771570906
            ],
            [
                0.07827136917331799,
                -0.6826849967151019,
                -0.726534319432254,
                1.6275760540547923
            ],
            [
                0.0,
                0.0,
                0.0,
                1.0
            ]
        ],
        [
            [
                0.7647317930735594,
                0.5123888073097027,
                -0.39078740095342007,
                0.9077500722456617
            ],
            [
                0.6337193551574518,
                -0.4880148705403394,
                0.6002444691753226,
                -0.07457711090025326
            ],
            [
                0.11684055855858684,
                -0.7066434165156619,
                -0.6978829644744328,
                1.6071798371438921
            ],
            [
                0.0,
                0.0,
                0.0,
                1.0
            ]
        ],
        [
            [
                0.7922064750896068,
                0.4870104561599289,
                -0.367839614476903,
                0.8518429145568646
            ],
            [
                0.6032946282982828,
                -0.5337279180858084,
                0.5926440703581021,
                -0.08140077533683114
            ],
            [
                0.09229112284246055,
                -0.6913789613508042,
                -0.7166005536044121,
                1.580968035943219
            ],
            [
                0.0,
                0.0,
                0.0,
                1.0
            ]
        ],
        [
            [
                0.8267485688073748,
                0.46649354272006865,
                -0.31456041208538554,
                0.797981328498878
            ],
            [
                0.5557601602599909,
                -0.5899259721036771,
                0.5858116950629743,
                -0.0810959257917419
            ],
            [
                0.08770352559269538,
                -0.6591075317500943,
                -0.7469424110116539,
                1.5590329337012894
            ],
            [
                0.0,
                0.0,
                0.0,
                1.0
            ]
        ],
        [
            [
                0.8446075058361219,
                0.4308969325583573,
                -0.3178744141764081,
                0.746038236743844
            ],
            [
                0.5333346911548347,
                -0.6241417707583796,
                0.5710184843055356,
                -0.08868076574971663
            ],
            [
                0.04764732019520616,
                -0.6517885058165256,
                -0.7569301705457085,
                1.5364444578871193
            ],
            [
                0.0,
                0.0,
                0.0,
                1.0
            ]
        ],
        [
            [
                0.8824020593704242,
                0.3761213406000579,
                -0.2828063641788415,
                0.6832399183201332
            ],
            [
                0.4698160791772299,
                -0.669859686372753,
                0.5750007900165102,
                -0.1004559989147823
            ],
            [
                0.02682574215718417,
                -0.6402153834731744,
                -0.7677575972700076,
                1.4737008458460228
            ],
            [
                0.0,
                0.0,
                0.0,
                1.0
            ]
        ],
        [
            [
                0.9083400558087988,
                0.3506204186446649,
                -0.22817929691178343,
                0.6355509855170844
            ],
            [
                0.41657558962269775,
                -0.7081822660779152,
                0.5700980241265449,
                -0.1151219639208818
            ],
            [
                0.038291632221959124,
                -0.6128624709032765,
                -0.7892925000822233,
                1.4655058060544477
            ],
            [
                0.0,
                0.0,
                0.0,
                1.0
            ]
        ],
        [
            [
                0.9451106002431223,
                0.2835961277649046,
                -0.16255537702927111,
                0.5780398449957744
            ],
            [
                0.32228179876617963,
                -0.7252675353412097,
                0.6084331693902189,
                -0.15599364747957067
            ],
            [
                0.05464776472131603,
                -0.6273898314459139,
                -0.7768194543114361,
                1.4871930254559262
            ],
            [
                0.0,
                0.0,
                0.0,
                1.0
            ]
        ],
        [
            [
                0.9652323092009012,
                0.24112565694163324,
                -0.10135117021304037,
                0.5382306106644122
            ],
            [
                0.24903944435179015,
                -0.7287464922405832,
                0.6379494354450923,
                -0.1874242839419886
            ],
            [
                0.07996048628559377,
                -0.6409719488802034,
                -0.7634241750349837,
                1.5102476445671837
            ],
            [
                0.0,
                0.0,
                0.0,
                1.0
            ]
        ],
        [
            [
                0.9802956693425791,
                0.18882477730904831,
                -0.058761685657871224,
                0.4698596224825275
            ],
            [
                0.1797302439843825,
                -0.7267085715739339,
                0.6630734894618849,
                -0.2382943705860788
            ],
            [
                0.08249571250510002,
                -0.6605317195899338,
                -0.7462912410412536,
                1.5571831375609364
            ],
            [
                0.0,
                0.0,
                0.0,
                1.0
            ]
        ],
        [
            [
                0.9862244388455862,
                0.162921188115314,
                -0.030099072686751126,
                0.39736099414399834
            ],
            [
                0.14160770745968382,
                -0.7345697022481069,
                0.6636480730900131,
                -0.27279009011152333
            ],
            [
                0.08600606597485418,
                -0.6587289605127649,
                -0.7474846002042954,
                1.6002161141837163
            ],
            [
                0.0,
                0.0,
                0.0,
                1.0
            ]
        ],
        [
            [
                0.9873218308082614,
                0.1588489771905461,
                0.007208443679679169,
                0.3434093127732362
            ],
            [
                0.1082573412689574,
                -0.7046638010387105,
                0.7012877997075013,
                -0.2886939484392479
            ],
            [
                0.11647035017545039,
                -0.6915754774474013,
                -0.7128924492138108,
                1.640501707081564
            ],
            [
                0.0,
                0.0,
                0.0,
                1.0
            ]
        ],
        [
            [
                0.9905988580115791,
                0.13350041674625757,
                0.031331023083513834,
                0.269409453649849
            ],
            [
                0.06624647022434754,
                -0.6659276133996388,
                0.7431183405317533,
                -0.2922077495131589
            ],
            [
                0.12006267940354748,
                -0.7340125316289412,
                -0.6684798126187511,
                1.6674885460514457
            ],
            [
                0.0,
                0.0,
                0.0,
                1.0
            ]
        ],
        [
            [
                0.9908508392979154,
                0.11844598695445277,
                0.06538107813652748,
                0.2019905421265689
            ],
            [
                0.025658175445001485,
                -0.6389912088423788,
                0.7688355229221213,
                -0.29348208390774205
            ],
            [
                0.13283493063122534,
                -0.7600791667118751,
                -0.6361539242215416,
                1.6590854054663242
            ],
            [
                0.0,
                0.0,
                0.0,
                1.0
            ]
        ],
        [
            [
                0.9905158947481781,
                0.11008520012364142,
                0.08277266604635967,
                0.10697995450541466
            ],
            [
                0.010492002216791533,
                -0.6595247918711821,
                0.7516621495458251,
                -0.2562200126754745
            ],
            [
                0.13732931490160627,
                -0.743618854028398,
                -0.6543949865258362,
                1.6480930388866168
            ],
            [
                0.0,
                0.0,
                0.0,
                1.0
            ]
        ],
        [
            [
                0.9930509438059214,
                0.10163862952042632,
                0.06009684641065707,
                0.04118449127201756
            ],
            [
                0.01899275947036574,
                -0.6398169323400403,
                0.7683448664638193,
                -0.22560015979793865
            ],
            [
                0.116537478332256,
                -0.7618169020625876,
                -0.6372731461033448,
                1.6340429069226508
            ],
            [
                0.0,
                0.0,
                0.0,
                1.0
            ]
        ],
        [
            [
                0.99505067832713,
                0.058066863287213166,
                0.08123539954144685,
                -0.0073740076344508835
            ],
            [
                -0.03964518185091099,
                -0.5169118592407093,
                0.8551706518280593,
                -0.19271318757549863
            ],
            [
                0.09164315450774252,
                -0.8541062686589553,
                -0.5120294532290915,
                1.5724017701804398
            ],
            [
                0.0,
                0.0,
                0.0,
                1.0
            ]
        ],
        [
            [
                0.9910898272731635,
                0.08265059073919433,
                0.10492694234341975,
                -0.03794318100842298
            ],
            [
                -0.05544511971346946,
                -0.46010135845398625,
                0.8861830988473289,
                -0.18070559701864092
            ],
            [
                0.12151381753302612,
                -0.8840498811814341,
                -0.45139998460659664,
                1.4920559009875312
            ],
            [
                0.0,
                0.0,
                0.0,
                1.0
            ]
        ],
        [
            [
                0.9928882556382215,
                0.10980334046527286,
                0.047101636402259825,
                -0.06840360880663823
            ],
            [
                0.012858132245904604,
                -0.49010739220210864,
                0.8716171685937475,
                -0.13990989769534523
            ],
            [
                0.1187840145732843,
                -0.8647584325363944,
                -0.4880121159162033,
                1.4519713180730291
            ],
            [
                0.0,
                0.0,
                0.0,
                1.0
            ]
        ],
        [
            [
                0.9867099939973499,
                0.1534996677855879,
                -0.05425221475603788,
                -0.06651711019936297
            ],
            [
                0.12363708886777974,
                -0.4896417072408073,
                0.8631651336469109,
                -0.09908199947273384
            ],
            [
                0.10592363814721881,
                -0.8583474267514639,
                -0.5020904027128568,
                1.4101779881629406
            ],
            [
                0.0,
                0.0,
                0.0,
                1.0
            ]
        ],
        [
            [
                0.9918271283227349,
                0.12789862728414994,
                -0.004935526112642472,
                -0.13715321387172075
            ],
            [
                0.06617391005877661,
                -0.47934971155296086,
                0.8751779825985917,
                -0.06798293521773305
            ],
            [
                0.1095602525387905,
                -0.868296327013315,
                -0.48387403234911297,
                1.3919667011682915
            ],
            [
                0.0,
                0.0,
                0.0,
                1.0
            ]
        ],
        [
            [
                0.9946690722431242,
                0.06703299327287143,
                -0.07900408518149421,
                -0.22594259843387893
            ],
            [
                0.10069923772719701,
                -0.4457715606461937,
                0.8895171071025734,
                -0.05108625026987836
            ],
            [
                0.024406227163123753,
                -0.8926739418841866,
                -0.45012584927535243,
                1.3881881481805134
            ],
            [
                0.0,
                0.0,
                0.0,
                1.0
            ]
        ],
        [
            [
                0.9892041476757585,
                -0.06024849585211027,
                -0.13397428683160215,
                -0.2659054401618048
            ],
            [
                0.09359014821778705,
                -0.44455723999083996,
                0.890902063050731,
                -0.031948225311331215
            ],
            [
                -0.11322945239578446,
                -0.8937652486058792,
                -0.434099620433118,
                1.3337743625719913
            ],
            [
                0.0,
                0.0,
                0.0,
                1.0
            ]
        ]
    ],
    "trj_gt": [
        [
            [
                0.8565045907016036,
                0.3657903301947712,
                -0.3641391498357176,
                1.3013000000000001
            ],
            [
                0.515472895780805,
                -0.5703826028174923,
                0.639493064949491,
                0.8587000000000004
            ],
            [
                0.02622174331409512,
                -0.7354326078840551,
                -0.6770903185236271,
                1.5166
            ],
            [
                0.0,
                0.0,
                0.0,
                1.0
            ]
        ],
        [
            [
                0.915630211488677,
                0.25637875763940016,
                -0.30966312089184717,
                1.3531
            ],
            [
                0.4019766674108741,
                -0.5953619264541178,
                0.6956715714948319,
                0.8096999999999995
            ],
            [
                -0.006006218981070387,
                -0.7614552574906286,
                -0.6481896452223161,
                1.5335000000000003
            ],
            [
                0.0,
                0.0,
                0.0,
                1.0
            ]
        ],
        [
            [
                0.9075399275617232,
                0.22482925673276638,
                -0.3547154989540975,
                1.3850000000000002
            ],
            [
                0.4191660136213815,
                -0.537029702645547,
                0.7320511945903749,
                0.7190999999999995
            ],
            [
                -0.025906232956998017,
                -0.8130503697763302,
                -0.5816166807275654,
                1.5602
            ],
            [
                0.0,
                0.0,
                0.0,
                1.0
            ]
        ],
        [
            [
                0.8468828982055754,
                0.2723778032497898,
                -0.45672714942703374,
                1.3781
            ],
            [
                0.5305008274670163,
                -0.4922534453723155,
                0.6901126122423034,
                0.6416000000000001
            ],
            [
                -0.036854155583001175,
                -0.8267386998416753,
                -0.5613776744762481,
                1.5737
            ],
            [
                0.0,
                0.0,
                0.0,
                1.0
            ]
        ],
        [
            [
                0.7478203217957843,
                0.3424618092763308,
                -0.5687571322598354,
                1.3436
            ],
            [
                0.6619956096893624,
                -0.44950425284906104,
                0.5997564000680742,
                0.5769999999999997
            ],
            [
                -0.050265087896660475,
                -0.8250247486335114,
                -0.5628566292413651,
                1.5831
            ],
            [
                0.0,
                0.0,
                0.0,
                1.0
            ]
        ],
        [
            [
                0.59374237475367,
                0.4336969826078438,
                -0.6777735017679022,
                1.2954999999999997
            ],
            [
                0.8043403364588915,
                -0.34345450404932887,
                0.4848459825485066,
                0.5257000000000004
            ],
            [
                -0.0225081222466492,
                -0.8330341715230422,
                -0.5527634697660913,
                1.5851000000000004
            ],
            [
                0.0,
                0.0,
                0.0,
                1.0
            ]
        ],
        [
            [
                0.4677955958883367,
                0.49431477911411464,
                -0.7326801345859186,
                1.2618999999999996
            ],
            [
                0.8833039629148366,
                -0.23269477070806985,
                0.40697328264158017,
                0.4866
            ],
            [
                0.030682072394490566,
                -0.8375595756926684,
                -0.545483792242351,
                1.5814000000000001
            ],
            [
                0.0,
                0.0,
                0.0,
                1.0
            ]
        ],
        [
            [
                0.3138758670258673,
                0.5569195817272938,
                -0.7689749798188862,
                1.2477999999999996
            ],
            [
                0.9439117488619692,
                -0.09557110139885118,
                0.3160645107217041,
                0.44789999999999996
            ],
            [
                0.1025307293405231,
                -0.8250495403708236,
                -0.5556803986778677,
                1.5663000000000002
            ],
            [
                0.0,
                0.0,
                0.0,
                1.0
            ]
        ],
        [
            [
                0.16467494296128707,
                0.587115018375238,
                -0.792576884825025,
                1.2847999999999997
            ],
            [
                0.9859197991521306,
                -0.07430690170051388,
                0.14980198262871125,
                0.41650000000000015
            ],
            [
                0.029057061112910232,
                -0.8060858760441806,
                -0.5910848057948762,
                1.5234000000000003
            ],
            [
                0.0,
                0.0,
                0.0,
                1.0
            ]
        ],
        [
            [
                0.25530227301653674,
                0.5915560670868729,
                -0.7647758945503585,
                1.3153999999999995
            ],
            [
                0.9668573528558341,
                -0.15845792608745804,
                0.2001947673858403,
                0.3751999999999998
            ],
            [
                -0.002758372925991386,
                -0.7905393760925339,
                -0.6124050017970364,
                1.4901000000000002
            ],
            [
                0.0,
                0.0,
                0.0,
                1.0
            ]
        ],
        [
            [
                0.29508055859248533,
                0.5813101537262809,
                -0.7582914803131277,
                1.3148000000000002
            ],
            [
                0.9554236607851921,
                -0.1715039531395248,
                0.24031650477929586,
                0.3264000000000001
            ],
            [
                0.009648437830491222,
                -0.7954023505322593,
                -0.6060049574179961,
                1.4724000000000002
            ],
            [
                0.0,
                0.0,
                0.0,
                1.0
            ]
        ],
        [
            [
                0.36129147873360973,
                0.5784360336258959,
                -0.7313550590497222,
                1.2996999999999999
            ],
            [
                0.932359999851997,
                -0.2351736680949295,
                0.2745872839567779,
                0.2758000000000001
            ],
            [
                -0.01316427250044071,
                -0.7810922486095461,
                -0.6242768625310543,
                1.4588
            ],
            [
                0.0,
                0.0,
                0.0,
                1.0
            ]
        ],
        [
            [
                0.4575839769851807,
                0.5798359037157935,
                -0.6740973436889622,
                1.2684000000000002
            ],
            [
                0.8870234197624028,
                -0.35027983286876624,
                0.30082136140646887,
                0.2078999999999999
            ],
            [
                -0.06169567893651354,
                -0.7355911659662033,
                -0.6746104651968012,
                1.4564999999999995
            ],
            [
                0.0,
                0.0,
                0.0,
                1.0
            ]
        ],
        [
            [
                0.5511670196008434,
                0.5199800987501083,
                -0.6525608120383505,
                1.2193000000000005
            ],
            [
                0.8227275577505269,
                -0.46900381929251533,
                0.32117718350917657,
                0.1261999999999995
            ],
            [
                -0.1390477695692283,
                -0.7139020341705584,
                -0.6863013939844226,
                1.4818999999999996
            ],
            [
                0.0,
                0.0,
                0.0,
                1.0
            ]
        ],
        [
            [
                0.5771212952512633,
                0.5158757132268417,
                -0.6330902455971043,
                1.1653000000000002
            ],
            [
                0.8112515317895252,
                -0.4512069063513378,
                0.37186459878564,
                0.05169999999999998
            ],
            [
                -0.09381877603472215,
                -0.7282064104109172,
                -0.6789060767880889,
                1.5298
            ],
            [
                0.0,
                0.0,
                0.0,
                1.0
            ]
        ],
        [
            [
                0.598469535814338,
                0.5264520712870593,
                -0.6038894197944982,
                1.1180999999999999
            ],
            [
                0.7991214055231581,
                -0.4458243456859896,
                0.4032934812619109,
                -0.010199999999999826
            ],
            [
                -0.05691391689967231,
                -0.7239398244545084,
                -0.687511408364918,
                1.5870000000000002
            ],
            [
                0.0,
                0.0,
                0.0,
                1.0
            ]
        ],
        [
            [
                0.6211297129543027,
                0.5798880401212901,
                -0.527188524732467,
                1.0570000000000004
            ],
            [
                0.7835289003007289,
                -0.4451154420739913,
                0.4335374327792302,
                -0.06190000000000008
            ],
            [
                0.01674341897093575,
                -0.6823504262119019,
                -0.7308334651407251,
                1.6319000000000006
            ],
            [
                0.0,
                0.0,
                0.0,
                1.0
            ]
        ],
        [
            [
                0.7027977122820661,
                0.5410083366828112,
                -0.4619365272965452,
                0.9964000000000001
            ],
            [
                0.7078143142363802,
                -0.4667668258359177,
                0.5302146988354298,
                -0.08220000000000015
            ],
            [
                0.0712339257178585,
                -0.6995989636490039,
                -0.7109761021919533,
                1.6499000000000001
            ],
            [
                0.0,
                0.0,
                0.0,
                1.0
            ]
        ],
        [
            [
                0.7575381696211324,
                0.5114101600708609,
                -0.4057037955742596,
                0.9421999999999998
            ],
            [
                0.6449173641480817,
                -0.4900782549343533,
                0.586434052098605,
                -0.09089999999999981
            ],
            [
                0.10108172429947443,
                -0.705891600896905,
                -0.7010702766455367,
                1.6416000000000004
            ],
            [
                0.0,
                0.0,
                0.0,
                1.0
            ]
        ],
        [
            [
                0.7869103103597841,
                0.485402590243538,
                -0.3809940797890859,
                0.8814000000000005
            ],
            [
                0.6119880745708353,
                -0.5348533578447818,
                0.5825825968781108,
                -0.09790000000000058
            ],
            [
                0.07901113866126654,
                -0.6916040854325729,
                -0.7179422184134491,
                1.6146000000000005
            ],
            [
                0.0,
                0.0,
                0.0,
                1.0
            ]
        ],
        [
            [
                0.8199851002048422,
                0.4636815293176629,
                -0.3355948074861831,
                0.8378999999999996
            ],
            [
                0.5679951344081355,
