{
    "trj_id": [
        0,
        6,
        12,
        17,
        22,
        27,
        32,
        37,
        45,
        51,
        55,
        59,
        64,
        69,
        74,
        79,
        85,
        90,
        94,
        98,
        101,
        104,
        110,
        114,
        119,
        122,
        127,
        132,
        136,
        140
    ],
    "trj_est": [
        [
            [
                0.8565045907016036,
                0.3657903301947712,
                -0.3641391498357176,
                1.3013000000000001
            ],
            [
                0.515472895780805,
                -0.5703826028174923,
                0.639493064949491,
                0.8587000000000004
            ],
            [
                0.02622174331409512,
                -0.7354326078840551,
                -0.6770903185236271,
                1.5166
            ],
            [
                0.0,
                0.0,
                0.0,
                1.0
            ]
        ],
        [
            [
                0.9195726761636691,
                0.251410692636907,
                -0.3019634444632234,
                1.3414264501810007
            ],
            [
                0.3928911118812391,
                -0.5981794770382608,
                0.69844079065346,
                0.809044471126318
            ],
            [
                -0.005032900710459242,
                -0.7609053014391635,
                -0.6488445816966683,
                1.5330569224824082
            ],
            [
                0.0,
                0.0,
                0.0,
                1.0
            ]
        ],
        [
            [
                0.9177640735960058,
                0.21532741144640866,
                -0.3336948417686138,
                1.363159245782442
            ],
            [
                0.3965577124346411,
                -0.5422191420647479,
                0.7407725207778916,
                0.7147085099525717
            ],
            [
                -0.0214262704797648,
                -0.8121824790035425,
                -0.5830139386864253,
                1.5559961536333402
            ],
            [
                0.0,
                0.0,
                0.0,
                1.0
            ]
        ],
        [
            [
                0.862599580108732,
                0.2641701026041146,
                -0.4314475883846054,
                1.3430250232295209
            ],
            [
                0.5052938222698006,
                -0.4915415940098143,
                0.7092756752754125,
                0.6248451661764798
            ],
            [
                -0.02470398824509429,
                -0.8298258170786512,
                -0.557479780626333,
                1.5601401301472044
            ],
            [
                0.0,
                0.0,
                0.0,
                1.0
            ]
        ],
        [
            [
                0.7652630748658713,
                0.3367486153410426,
                -0.5486216222364211,
                1.3146718051572148
            ],
            [
                0.6424543855021737,
                -0.4531169020330113,
                0.6180198541857985,
                0.5736570285917802
            ],
            [
                -0.04047049722692337,
                -0.8254061796228852,
                -0.5630933258813923,
                1.5661820710676417
            ],
            [
                0.0,
                0.0,
                0.0,
                1.0
            ]
        ],
        [
            [
                0.6228026648912152,
                0.4369174908337041,
                -0.6490270665689596,
                1.2542545917939372
            ],
            [
                0.7823582561440693,
                -0.3552956144211646,
                0.5115631717955335,
                0.5291902846214634
            ],
            [
                -0.007084002734753398,
                -0.8263643190444575,
                -0.5630993664217561,
                1.5666595299242188
            ],
            [
                0.0,
                0.0,
                0.0,
                1.0
            ]
        ],
        [
            [
                0.48386627546972644,
                0.5031096345566946,
                -0.7160811589843408,
                1.2273379944061154
            ],
            [
                0.8737700966377663,
                -0.23172457490462497,
                0.42760864528695797,
                0.49209184375764825
            ],
            [
                0.04920141843988031,
                -0.8325841973624333,
                -0.5517198034741263,
                1.5593833731401308
            ],
            [
                0.0,
                0.0,
                0.0,
                1.0
            ]
        ],
        [
            [
                0.3334209740572668,
                0.5682159307023064,
                -0.7523175128047866,
                1.219671952957665
            ],
            [
                0.9347934525307253,
                -0.09552979546193201,
                0.34213692479134217,
                0.45447223464491193
            ],
            [
                0.1225384768425558,
                -0.8173225322143223,
                -0.5630100183438925,
                1.5436668618395848
            ],
            [
                0.0,
                0.0,
                0.0,
                1.0
            ]
        ],
        [
            [
                0.16725180578341964,
                0.6054704030168384,
                -0.7781150215678738,
                1.257252493790389
            ],
            [
                0.9845313906252801,
                -0.06058716236388892,
                0.16447265706481615,
                0.4355505073804679
            ],
            [
                0.052439180041778624,
                -0.7935713802799645,
                -0.6062296476781885,
                1.5058372848926338
            ],
            [
                0.0,
                0.0,
                0.0,
                1.0
            ]
        ],
        [
            [
                0.2584605860496042,
                0.6068758971223172,
                -0.7516203745446747,
                1.2857642318557336
            ],
            [
                0.9659101631253201,
                -0.1497909547505447,
                0.21119997174914534,
                0.3981746981547337
            ],
            [
                0.015586705183237536,
                -0.7805705094600768,
                -0.6248926918915901,
                1.4747309752868383
            ],
            [
                0.0,
                0.0,
                0.0,
                1.0
            ]
        ],
        [
            [
                0.2997458815557638,
                0.6021363729620869,
                -0.740011904977091,
                1.2851114028852098
            ],
            [
                0.9535819246189163,
                -0.16521428151151968,
                0.2518159522802222,
                0.348721047337242
            ],
            [
                0.029367020427036414,
                -0.7811285682714983,
                -0.62369996561582,
                1.456900399592826
            ],
            [
                0.0,
                0.0,
                0.0,
                1.0
            ]
        ],
        [
            [
                0.3672114332654052,
                0.5967889664131665,
                -0.7134679662671105,
                1.268601132022436
            ],
            [
                0.9301233569076551,
                -0.22923111384369388,
                0.2869730564031137,
                0.29455218149147644
            ],
            [
                0.007713092396805303,
                -0.7689771866481911,
                -0.6392525821918381,
                1.441704384683547
            ],
            [
                0.0,
                0.0,
                0.0,
                1.0
            ]
        ],
        [
            [
                0.4628378014135865,
                0.5935630344877466,
                -0.6584094428300922,
                1.234654027182744
            ],
            [
                0.8855478702556647,
                -0.34334164370079423,
                0.3129772585045049,
                0.22823976900280837
            ],
            [
                -0.04028703659019078,
                -0.7278945941380079,
                -0.68452708458967,
                1.4385864956689078
            ],
            [
                0.0,
                0.0,
                0.0,
                1.0
            ]
        ],
        [
            [
                0.5555565710040817,
                0.5347299148333369,
                -0.6367652744353034,
                1.181979277133458
            ],
            [
                0.8229259787146819,
                -0.46330743327518653,
                0.3289014983856675,
                0.15112730784332057
            ],
            [
                -0.11914244270560576,
                -0.706715594651385,
                -0.6974173341633192,
                1.4622697335202781
            ],
            [
                0.0,
                0.0,
                0.0,
                1.0
            ]
        ],
        [
            [
                0.5847126870407635,
                0.5300453871426506,
                -0.6141807598957406,
                1.1253088413299464
            ],
            [
                0.8074837683677654,
                -0.45331337042662706,
                0.37751634303844617,
                0.07731212675586259
            ],
            [
                -0.07831549815300855,
                -0.7166586854475323,
                -0.6930382059692342,
                1.5095030851993605
            ],
            [
                0.0,
                0.0,
                0.0,
                1.0
            ]
        ],
        [
            [
                0.6048925374465923,
                0.5356809309041259,
                -0.5892452708463803,
                1.083571203908206
            ],
            [
                0.7952010550026198,
                -0.445865688834216,
                0.4109755851918108,
                0.011298469800085455
            ],
            [
                -0.04257386410180247,
                -0.717140952218091,
                -0.695652162017445,
                1.5606350010620418
            ],
            [
                0.0,
                0.0,
                0.0,
                1.0
            ]
        ],
        [
            [
                0.6220862759601854,
                0.5926376275603757,
                -0.5117158350000469,
                1.0215580872479897
            ],
            [
                0.7825327296979362,
                -0.4484077165515561,
                0.4319930299013296,
                -0.02827944671710221
            ],
            [
                0.026554973273672934,
                -0.6691459950176081,
                -0.7426810215940514,
                1.6062544929181013
            ],
            [
                0.0,
                0.0,
                0.0,
                1.0
            ]
        ],
        [
            [
                0.698988715069439,
                0.5572356578614288,
                -0.4483000481314576,
                0.9629621961179773
            ],
            [
                0.7108805128863834,
                -0.47273228963534447,
                0.5207908015234113,
                -0.04308186771570906
            ],
            [
                0.07827136917331799,
                -0.6826849967151019,
                -0.726534319432254,
                1.6275760540547923
            ],
            [
                0.0,
                0.0,
                0.0,
                1.0
            ]
        ],
        [
            [
                0.7647317930735594,
                0.5123888073097027,
                -0.39078740095342007,
                0.9077500722456617
            ],
            [
                0.6337193551574518,
                -0.4880148705403394,
                0.6002444691753226,
                -0.07457711090025326
            ],
            [
                0.11684055855858684,
                -0.7066434165156619,
                -0.6978829644744328,
                1.6071798371438921
            ],
            [
                0.0,
                0.0,
                0.0,
                1.0
            ]
        ],
        [
            [
                0.7922064750896068,
                0.4870104561599289,
                -0.367839614476903,
                0.8518429145568646
            ],
            [
                0.6032946282982828,
                -0.5337279180858084,
                0.5926440703581021,
                -0.08140077533683114
            ],
            [
                0.09229112284246055,
                -0.6913789613508042,
                -0.7166005536044121,
                1.580968035943219
            ],
            [
                0.0,
                0.0,
                0.0,
                1.0
            ]
        ],
        [
            [
                0.8267485688073748,
                0.46649354272006865,
                -0.31456041208538554,
                0.797981328498878
            ],
            [
                0.5557601602599909,
                -0.5899259721036771,
                0.5858116950629743,
                -0.0810959257917419
            ],
            [
                0.08770352559269538,
                -0.6591075317500943,
                -0.7469424110116539,
                1.5590329337012894
            ],
            [
                0.0,
                0.0,
                0.0,
                1.0
            ]
        ],
        [
            [
                0.8446075058361219,
                0.4308969325583573,
                -0.3178744141764081,
                0.746038236743844
            ],
            [
                0.5333346911548347,
                -0.6241417707583796,
                0.5710184843055356,
                -0.08868076574971663
            ],
            [
                0.04764732019520616,
                -0.6517885058165256,
                -0.7569301705457085,
                1.5364444578871193
            ],
            [
                0.0,
                0.0,
                0.0,
                1.0
            ]
        ],
        [
            [
                0.8824020593704242,
                0.3761213406000579,
                -0.2828063641788415,
                0.6832399183201332
            ],
            [
                0.4698160791772299,
                -0.669859686372753,
                0.5750007900165102,
                -0.1004559989147823
            ],
            [
                0.02682574215718417,
                -0.6402153834731744,
                -0.7677575972700076,
                1.4737008458460228
            ],
            [
                0.0,
                0.0,
                0.0,
                1.0
            ]
        ],
        [
            [
                0.9083400558087988,
                0.3506204186446649,
                -0.22817929691178343,
                0.6355509855170844
            ],
            [
                0.41657558962269775,
                -0.7081822660779152,
                0.5700980241265449,
                -0.1151219639208818
            ],
            [
                0.038291632221959124,
                -0.6128624709032765,
                -0.7892925000822233,
                1.4655058060544477
            ],
            [
                0.0,
                0.0,
                0.0,
                1.0
            ]
        ],
        [
            [
                0.9451106002431223,
                0.2835961277649046,
                -0.16255537702927111,
                0.5780398449957744
            ],
            [
                0.32228179876617963,
                -0.7252675353412097,
                0.6084331693902189,
                -0.15599364747957067
            ],
            [
                0.05464776472131603,
                -0.6273898314459139,
                -0.7768194543114361,
                1.4871930254559262
            ],
            [
                0.0,
                0.0,
                0.0,
                1.0
            ]
        ],
        [
            [
                0.9652323092009012,
                0.24112565694163324,
                -0.10135117021304037,
                0.5382306106644122
            ],
            [
                0.24903944435179015,
                -0.7287464922405832,
                0.6379494354450923,
                -0.1874242839419886
            ],
            [
                0.07996048628559377,
                -0.6409719488802034,
                -0.7634241750349837,
                1.5102476445671837
            ],
            [
                0.0,
                0.0,
                0.0,
                1.0
            ]
        ],
        [
            [
                0.9802376115991224,
                0.18907945189574507,
                -0.05890956750916949,
                0.46988209650179147
            ],
            [
                0.1800231672787613,
                -0.7266947349925466,
                0.6630091051872415,
                -0.23816824580877824
            ],
            [
                0.08254576594506756,
                -0.6604739431867429,
                -0.7463368914953182,
                1.5571098711894567
            ],
            [
                0.0,
                0.0,
                0.0,
                1.0
            ]
        ],
        [
            [
                0.9862697042759011,
                0.1627329470892677,
                -0.029638993453371277,
                0.3975740508069003
            ],
            [
                0.1411905909512453,
                -0.7348464944277249,
                0.663430263640728,
                -0.27252494096087426
            ],
            [
                0.0861754530452268,
                -0.6584666436542732,
                -0.7476965197740848,
                1.600444003018735
            ],
            [
                0.0,
                0.0,
                0.0,
                1.0
            ]
        ],
        [
            [
                0.9873363415720267,
                0.15874463194525035,
                0.007476737411451633,
                0.34335460881151325
            ],
            [
                0.10802225915159923,
                -0.7048521229414751,
                0.7011341282818182,
                -0.28822424373046673
            ],
            [
                0.11656338389733875,
                -0.6914065608151581,
                -0.7130400061126505,
                1.6401192775910682
            ],
            [
                0.0,
                0.0,
                0.0,
                1.0
            ]
        ],
        [
            [
                0.9906685074260821,
                0.13296534904523213,
                0.03139268260421991,
                0.26988688664144317
            ],
            [
                0.0657391560511955,
                -0.6653407542707158,
                0.7436888328237345,
                -0.29282244563355087
            ],
            [
                0.11976375982092213,
                -0.7346417342721304,
                -0.6678423506192956,
                1.6666412068313765
            ],
            [
                0.0,
                0.0,
                0.0,
                1.0
            ]
        ]
    ],
    "trj_gt": [
        [
            [
                0.8565045907016036,
                0.3657903301947712,
                -0.3641391498357176,
                1.3013000000000001
            ],
            [
                0.515472895780805,
                -0.5703826028174923,
                0.639493064949491,
                0.8587000000000004
            ],
            [
                0.02622174331409512,
                -0.7354326078840551,
                -0.6770903185236271,
                1.5166
            ],
            [
                0.0,
                0.0,
                0.0,
                1.0
            ]
        ],
        [
            [
                0.915630211488677,
                0.25637875763940016,
                -0.30966312089184717,
                1.3531
            ],
            [
                0.4019766674108741,
                -0.5953619264541178,
                0.6956715714948319,
                0.8096999999999995
            ],
            [
                -0.006006218981070387,
                -0.7614552574906286,
                -0.6481896452223161,
                1.5335000000000003
            ],
            [
                0.0,
                0.0,
                0.0,
                1.0
            ]
        ],
        [
            [
                0.9075399275617232,
                0.22482925673276638,
                -0.3547154989540975,
                1.3850000000000002
            ],
            [
                0.4191660136213815,
                -0.537029702645547,
                0.7320511945903749,
                0.7190999999999995
            ],
            [
                -0.025906232956998017,
                -0.8130503697763302,
                -0.5816166807275654,
                1.5602
            ],
            [
                0.0,
                0.0,
                0.0,
                1.0
            ]
        ],
        [
            [
                0.8468828982055754,
                0.2723778032497898,
                -0.45672714942703374,
                1.3781
            ],
            [
                0.5305008274670163,
                -0.4922534453723155,
                0.6901126122423034,
                0.6416000000000001
            ],
            [
                -0.036854155583001175,
                -0.8267386998416753,
                -0.5613776744762481,
                1.5737
            ],
            [
                0.0,
                0.0,
                0.0,
                1.0
            ]
        ],
        [
            [
                0.7478203217957843,
                0.3424618092763308,
                -0.5687571322598354,
                1.3436
            ],
            [
                0.6619956096893624,
                -0.44950425284906104,
                0.5997564000680742,
                0.5769999999999997
            ],
            [
                -0.050265087896660475,
                -0.8250247486335114,
                -0.5628566292413651,
                1.5831
            ],
            [
                0.0,
                0.0,
                0.0,
                1.0
            ]
        ],
        [
            [
                0.59374237475367,
                0.4336969826078438,
                -0.6777735017679022,
                1.2954999999999997
            ],
            [
                0.8043403364588915,
                -0.34345450404932887,
                0.4848459825485066,
                0.5257000000000004
            ],
            [
                -0.0225081222466492,
                -0.8330341715230422,
                -0.5527634697660913,
                1.5851000000000004
            ],
            [
                0.0,
                0.0,
                0.0,
                1.0
            ]
        ],
        [
            [
                0.4677955958883367,
                0.49431477911411464,
                -0.7326801345859186,
                1.2618999999999996
            ],
            [
                0.8833039629148366,
                -0.23269477070806985,
                0.40697328264158017,
                0.4866
            ],
            [
                0.030682072394490566,
                -0.8375595756926684,
                -0.545483792242351,
                1.5814000000000001
            ],
            [
                0.0,
                0.0,
                0.0,
                1.0
            ]
        ],
        [
            [
                0.3138758670258673,
                0.5569195817272938,
                -0.7689749798188862,
                1.2477999999999996
            ],
            [
                0.9439117488619692,
                -0.09557110139885118,
                0.3160645107217041,
                0.44789999999999996
            ],
            [
                0.1025307293405231,
                -0.8250495403708236,
                -0.5556803986778677,
                1.5663000000000002
            ],
            [
                0.0,
                0.0,
                0.0,
                1.0
            ]
        ],
        [
            [
                0.16467494296128707,
                0.587115018375238,
                -0.792576884825025,
                1.2847999999999997
            ],
            [
                0.9859197991521306,
                -0.07430690170051388,
                0.14980198262871125,
                0.41650000000000015
            ],
            [
                0.029057061112910232,
                -0.8060858760441806,
                -0.5910848057948762,
                1.5234000000000003
            ],
            [
                0.0,
                0.0,
                0.0,
                1.0
            ]
        ],
        [
            [
                0.25530227301653674,
                0.5915560670868729,
                -0.7647758945503585,
                1.3153999999999995
            ],
            [
                0.9668573528558341,
                -0.15845792608745804,
                0.2001947673858403,
                0.3751999999999998
            ],
            [
                -0.002758372925991386,
                -0.7905393760925339,
                -0.6124050017970364,
                1.4901000000000002
            ],
            [
                0.0,
                0.0,
                0.0,
                1.0
            ]
        ],
        [
            [
                0.29508055859248533,
                0.5813101537262809,
                -0.7582914803131277,
                1.3148000000000002
            ],
            [
                0.9554236607851921,
                -0.1715039531395248,
                0.24031650477929586,
                0.3264000000000001
            ],
            [
                0.009648437830491222,
                -0.7954023505322593,
                -0.6060049574179961,
                1.4724000000000002
            ],
            [
                0.0,
                0.0,
                0.0,
                1.0
            ]
        ],
        [
            [
                0.36129147873360973,
                0.5784360336258959,
                -0.7313550590497222,
                1.2996999999999999
            ],
            [
                0.932359999851997,
                -0.2351736680949295,
                0.2745872839567779,
                0.2758000000000001
            ],
            [
                -0.01316427250044071,
                -0.7810922486095461,
                -0.6242768625310543,
                1.4588
            ],
            [
                0.0,
                0.0,
                0.0,
                1.0
            ]
        ],
        [
            [
                0.4575839769851807,
                0.5798359037157935,
                -0.6740973436889622,
                1.2684000000000002
            ],
            [
                0.8870234197624028,
                -0.35027983286876624,
                0.30082136140646887,
                0.2078999999999999
            ],
            [
                -0.06169567893651354,
                -0.7355911659662033,
                -0.6746104651968012,
                1.4564999999999995
            ],
            [
                0.0,
                0.0,
                0.0,
                1.0
            ]
        ],
        [
            [
                0.5511670196008434,
                0.5199800987501083,
                -0.6525608120383505,
                1.2193000000000005
            ],
            [
                0.8227275577505269,
                -0.46900381929251533,
                0.32117718350917657,
                0.1261999999999995
            ],
            [
                -0.1390477695692283,
                -0.7139020341705584,
                -0.6863013939844226,
                1.4818999999999996
            ],
            [
                0.0,
                0.0,
                0.0,
                1.0
            ]
        ],
        [
            [
                0.5771212952512633,
                0.5158757132268417,
                -0.6330902455971043,
                1.1653000000000002
            ],
            [
                0.8112515317895252,
                -0.4512069063513378,
                0.37186459878564,
                0.05169999999999998
            ],
            [
                -0.09381877603472215,
                -0.7282064104109172,
                -0.6789060767880889,
                1.5298
            ],
            [
                0.0,
                0.0,
                0.0,
                1.0
            ]
        ],
        [
            [
                0.598469535814338,
                0.5264520712870593,
                -0.6038894197944982,
                1.1180999999999999
            ],
            [
                0.7991214055231581,
                -0.4458243456859896,
                0.4032934812619109,
                -0.010199999999999826
            ],
            [
                -0.05691391689967231,
                -0.7239398244545084,
                -0.687511408364918,
                1.5870000000000002
            ],
            [
                0.0,
                0.0,
                0.0,
                1.0
            ]
        ],
        [
            [
                0.6211297129543027,
                0.5798880401212901,
                -0.527188524732467,
                1.0570000000000004
            ],
            [
                0.7835289003007289,
                -0.4451154420739913,
                0.4335374327792302,
                -0.06190000000000008
            ],
            [
                0.01674341897093575,
                -0.6823504262119019,
                -0.7308334651407251,
                1.6319000000000006
            ],
            [
                0.0,
                0.0,
                0.0,
                1.0
            ]
        ],
        [
            [
                0.7027977122820661,
                0.5410083366828112,
                -0.4619365272965452,
                0.9964000000000001
            ],
            [
                0.7078143142363802,
                -0.4667668258359177,
                0.5302146988354298,
                -0.08220000000000015
            ],
            [
                0.0712339257178585,
                -0.6995989636490039,
                -0.7109761021919533,
                1.6499000000000001
            ],
            [
                0.0,
                0.0,
                0.0,
                1.0
            ]
        ],
        [
            [
                0.7575381696211324,
                0.5114101600708609,
                -0.4057037955742596,
                0.9421999999999998
            ],
            [
                0.6449173641480817,
                -0.4900782549343533,
                0.586434052098605,
                -0.09089999999999981
            ],
            [
                0.10108172429947443,
                -0.705891600896905,
                -0.7010702766455367,
                1.6416000000000004
            ],
            [
                0.0,
                0.0,
                0.0,
                1.0
            ]
        ],
        [
            [
                0.7869103103597841,
                0.485402590243538,
                -0.3809940797890859,
                0.8814000000000005
            ],
            [
                0.6119880745708353,
                -0.5348533578447818,
                0.5825825968781108,
                -0.09790000000000058
            ],
            [
                0.07901113866126654,
                -0.6916040854325729,
                -0.7179422184134491,
                1.6146000000000005
            ],
            [
                0.0,
                0.0,
                0.0,
                1.0
            ]
        ],
        [
            [
                0.8199851002048422,
                0.4636815293176629,
                -0.3355948074861831,
                0.8378999999999996
            ],
            [
                0.5679951344081355,
                -0.5866908335701839,
                0.5772134727233994,
                -0.10139999999999959
            ],
            [
                0.0707528284292508,
                -0.6639226650554686,
                -0.7444465945216654,
                1.5889999999999997
            ],
            [
                0.0,
                0.0,
                0.0,
                1.0
            ]
        ],
        [
            [
                0.8338199302294708,
                0.42773819825221143,
                -0.3489761563603916,
                0.7963999999999999
            ],
            [
                0.5514990863025895,
                -0.6175573514201003,
                0.5607777416360247,
                -0.10600000000000007
            ],
            [
                0.024353269996647102,
                -0.6600476887793357,
                -0.7508288531866152,
                1.5617999999999996
            ],
            [
                0.0,
                0.0,
                0.0,
                1.0
            ]
        ],
        [
            [
                0.8763664822830619,
                0.38033847009067673,
                -0.29550708434806616,
                0.7180000000000001
            ],
            [
                0.48145305122502136,
                -0.674446718927928,
                0.5597540377643285,
                -0.12180000000000019
            ],
            [
                0.013592210891851874,
                -0.6328224644372511,
                -0.774177615477634,
                1.5081
            ],
            [
                0.0,
                0.0,
                0.0,
                1.0
            ]
        ],
        [
            [
                0.9069655524161432,
                0.3474580685282336,
                -0.23808901139092767,
                0.6695999999999998
            ],
            [
                0.4202103845826138,
                -0.7075840948521996,
                0.5681091280741096,
                -0.14619999999999989
            ],
            [
                0.02892610273458437,
                -0.6153028842178644,
                -0.7877598880710833,
                1.4959999999999998
            ],
            [
                0.0,
                0.0,
                0.0,
                1.0
            ]
        ],
        [
            [
                0.9432291666145804,
                0.281631219114127,
                -0.17607553966367365,
                0.6136999999999999
            ],
            [
                0.3288835108502762,
                -0.7178557360031961,
                0.613611260146117,
                -0.19060000000000013
            ],
            [
                0.04641525113968026,
                -0.6366843791923908,
                -0.7697263317270885,
                1.5154000000000003
            ],
            [
                0.0,
                0.0,
                0.0,
                1.0
            ]
        ],
        [
            [
                0.9636044816892874,
                0.24125973277444066,
                -0.11515269953381492,
                0.5768999999999999
            ],
            [
                0.2573156289757819,
                -0.7202382401361598,
                0.6442402847776321,
                -0.22309999999999977
            ],
            [
                0.07249186128881817,
                -0.6504234150053118,
                -0.7561046959645932,
                1.5378
            ],
            [
                0.0,
                0.0,
                0.0,
                1.0
            ]
        ],
        [
            [
                0.9787392195613491,
                0.191607954262432,
                -0.07318423297272941,
                0.5114999999999998
            ],
            [
                0.19074320007869908,
                -0.7190974959240142,
                0.6682183946731414,
                -0.2738999999999999
            ],
            [
                0.07540936093203762,
                -0.6679709448914516,
                -0.7403568363057395,
                1.5888
            ],
            [
                0.0,
                0.0,
                0.0,
                1.0
            ]
        ],
        [
            [
                0.9844944074803282,
                0.1691299697973768,
                -0.046538317076314326,
                0.4411999999999999
            ],
            [
                0.15631425699750073,
                -0.7254586324720464,
                0.6702802590193956,
                -0.3111
            ],
            [
                0.07960285609999483,
                -0.667161768904759,
                -0.7406473920919434,
                1.6331999999999998
            ],
            [
                0.0,
                0.0,
                0.0,
                1.0
            ]
        ],
        [
            [
                0.9869547499878267,
                0.1609670962415765,
                -0.0031488734528242355,
                0.3845
            ],
            [
                0.11527293831880533,
                -0.6928609383769301,
                0.7117976325914475,
                -0.3300000000000001
            ],
            [
                0.11239426661451983,
                -0.7028750344115199,
                -0.7023775443685464,
                1.6685
            ],
            [
                0.0,
                0.0,
                0.0,
                1.0
            ]
        ],
        [
            [
                0.9905356236549363,
                0.13686259874568665,
                0.010383031113489675,
                0.32369999999999993
            ],
            [
                0.08224196408101463,
                -0.6523794594650386,
                0.7534170825062315,
                -0.3378999999999999
            ],
            [
                0.10988829607662332,
                -0.7454325388207049,
                -0.6574609436709493,
                1.6942
            ],
            [
                0.0,
                0.0,
                0.0,
                1.0
            ]
        ]
    ]
}