{
    "trj_id": [
        0,
        6,
        12,
        17,
        22,
        27,
        32,
        37,
        45,
        51,
        55,
        59,
        64,
        69,
        74,
        79,
        85,
        90,
        94,
        98,
        101,
        104,
        110,
        114,
        119,
        122,
        127,
        132,
        136,
        140,
        144,
        148,
        151,
        156,
        159,
        162,
        166,
        171,
        174,
        180,
        183,
        186,
        189,
        192,
        195,
        198,
        202,
        205,
        210,
        215,
        219,
        223,
        228,
        232,
        236,
        242,
        250,
        255,
        258,
        261,
        266,
        270,
        273,
        277,
        281,
        284,
        287,
        290,
        293,
        296,
        299,
        302,
        305,
        308,
        311,
        313,
        316,
        319,
        322,
        326,
        330,
        333,
        337,
        340,
        349,
        354,
        358,
        361,
        364,
        367,
        370,
        373,
        376,
        379,
        382,
        385,
        388,
        391,
        395,
        398,
        402,
        407,
        411,
        416,
        422
    ],
    "trj_est": [
        [
            [
                0.8565045907016036,
                0.3657903301947712,
                -0.3641391498357176,
                1.3013000000000001
            ],
            [
                0.515472895780805,
                -0.5703826028174923,
                0.639493064949491,
                0.8587000000000004
            ],
            [
                0.02622174331409512,
                -0.7354326078840551,
                -0.6770903185236271,
                1.5166
            ],
            [
                0.0,
                0.0,
                0.0,
                1.0
            ]
        ],
        [
            [
                0.9195726761636691,
                0.251410692636907,
                -0.3019634444632234,
                1.3414264501810007
            ],
            [
                0.3928911118812391,
                -0.5981794770382608,
                0.69844079065346,
                0.809044471126318
            ],
            [
                -0.005032900710459242,
                -0.7609053014391635,
                -0.6488445816966683,
                1.5330569224824082
            ],
            [
                0.0,
                0.0,
                0.0,
                1.0
            ]
        ],
        [
            [
                0.9177640735960058,
                0.21532741144640866,
                -0.3336948417686138,
                1.363159245782442
            ],
            [
                0.3965577124346411,
                -0.5422191420647479,
                0.7407725207778916,
                0.7147085099525717
            ],
            [
                -0.0214262704797648,
                -0.8121824790035425,
                -0.5830139386864253,
                1.5559961536333402
            ],
            [
                0.0,
                0.0,
                0.0,
                1.0
            ]
        ],
        [
            [
                0.862599580108732,
                0.2641701026041146,
                -0.4314475883846054,
                1.3430250232295209
            ],
            [
                0.5052938222698006,
                -0.4915415940098143,
                0.7092756752754125,
                0.6248451661764798
            ],
            [
                -0.02470398824509429,
                -0.8298258170786512,
                -0.557479780626333,
                1.5601401301472044
            ],
            [
                0.0,
                0.0,
                0.0,
                1.0
            ]
        ],
        [
            [
                0.7652630748658713,
                0.3367486153410426,
                -0.5486216222364211,
                1.3146718051572148
            ],
            [
                0.6424543855021737,
                -0.4531169020330113,
                0.6180198541857985,
                0.5736570285917802
            ],
            [
                -0.04047049722692337,
                -0.8254061796228852,
                -0.5630933258813923,
                1.5661820710676417
            ],
            [
                0.0,
                0.0,
                0.0,
                1.0
            ]
        ],
        [
            [
                0.6228026648912152,
                0.4369174908337041,
                -0.6490270665689596,
                1.2542545917939372
            ],
            [
                0.7823582561440693,
                -0.3552956144211646,
                0.5115631717955335,
                0.5291902846214634
            ],
            [
                -0.007084002734753398,
                -0.8263643190444575,
                -0.5630993664217561,
                1.5666595299242188
            ],
            [
                0.0,
                0.0,
                0.0,
                1.0
            ]
        ],
        [
            [
                0.48386627546972644,
                0.5031096345566946,
                -0.7160811589843408,
                1.2273379944061154
            ],
            [
                0.8737700966377663,
                -0.23172457490462497,
                0.42760864528695797,
                0.49209184375764825
            ],
            [
                0.04920141843988031,
                -0.8325841973624333,
                -0.5517198034741263,
                1.5593833731401308
            ],
            [
                0.0,
                0.0,
                0.0,
                1.0
            ]
        ],
        [
            [
                0.3334209740572668,
                0.5682159307023064,
                -0.7523175128047866,
                1.219671952957665
            ],
            [
                0.9347934525307253,
                -0.09552979546193201,
                0.34213692479134217,
                0.45447223464491193
            ],
            [
                0.1225384768425558,
                -0.8173225322143223,
                -0.5630100183438925,
                1.5436668618395848
            ],
            [
                0.0,
                0.0,
                0.0,
                1.0
            ]
        ],
        [
            [
                0.16725180578341964,
                0.6054704030168384,
                -0.7781150215678738,
                1.257252493790389
            ],
            [
                0.9845313906252801,
                -0.06058716236388892,
                0.16447265706481615,
                0.4355505073804679
            ],
            [
                0.052439180041778624,
                -0.7935713802799645,
                -0.6062296476781885,
                1.5058372848926338
            ],
            [
                0.0,
                0.0,
                0.0,
                1.0
            ]
        ],
        [
            [
                0.2584605860496042,
                0.6068758971223172,
                -0.7516203745446747,
                1.2857642318557336
            ],
            [
                0.9659101631253201,
                -0.1497909547505447,
                0.21119997174914534,
                0.3981746981547337
            ],
            [
                0.015586705183237536,
                -0.7805705094600768,
                -0.6248926918915901,
                1.4747309752868383
            ],
            [
                0.0,
                0.0,
                0.0,
                1.0
            ]
        ],
        [
            [
                0.2997458815557638,
                0.6021363729620869,
                -0.740011904977091,
                1.2851114028852098
            ],
            [
                0.9535819246189163,
                -0.16521428151151968,
                0.2518159522802222,
                0.348721047337242
            ],
            [
                0.029367020427036414,
                -0.7811285682714983,
                -0.62369996561582,
                1.456900399592826
            ],
            [
                0.0,
                0.0,
                0.0,
                1.0
            ]
        ],
        [
            [
                0.3672114332654052,
                0.5967889664131665,
                -0.7134679662671105,
                1.268601132022436
            ],
            [
                0.9301233569076551,
                -0.22923111384369388,
                0.2869730564031137,
                0.29455218149147644
            ],
            [
                0.007713092396805303,
                -0.7689771866481911,
                -0.6392525821918381,
                1.441704384683547
            ],
            [
                0.0,
                0.0,
                0.0,
                1.0
            ]
        ],
        [
            [
                0.4628378014135865,
                0.5935630344877466,
                -0.6584094428300922,
                1.234654027182744
            ],
            [
                0.8855478702556647,
                -0.34334164370079423,
                0.3129772585045049,
                0.22823976900280837
            ],
            [
                -0.04028703659019078,
                -0.7278945941380079,
                -0.68452708458967,
                1.4385864956689078
            ],
            [
                0.0,
                0.0,
                0.0,
                1.0
            ]
        ],
        [
            [
                0.5555565710040817,
                0.5347299148333369,
                -0.6367652744353034,
                1.181979277133458
            ],
            [
                0.8229259787146819,
                -0.46330743327518653,
                0.3289014983856675,
                0.15112730784332057
            ],
            [
                -0.11914244270560576,
                -0.706715594651385,
                -0.6974173341633192,
                1.4622697335202781
            ],
            [
                0.0,
                0.0,
                0.0,
                1.0
            ]
        ],
        [
            [
                0.5847126870407635,
                0.5300453871426506,
                -0.6141807598957406,
                1.1253088413299464
            ],
            [
                0.8074837683677654,
                -0.45331337042662706,
                0.37751634303844617,
                0.07731212675586259
            ],
            [
                -0.07831549815300855,
                -0.7166586854475323,
                -0.6930382059692342,
                1.5095030851993605
            ],
            [
                0.0,
                0.0,
                0.0,
                1.0
            ]
        ],
        [
            [
                0.6048925374465923,
                0.5356809309041259,
                -0.5892452708463803,
                1.083571203908206
            ],
            [
                0.7952010550026198,
                -0.445865688834216,
                0.4109755851918108,
                0.011298469800085455
            ],
            [
                -0.04257386410180247,
                -0.717140952218091,
                -0.695652162017445,
                1.5606350010620418
            ],
            [
                0.0,
                0.0,
                0.0,
                1.0
            ]
        ],
        [
            [
                0.6220862759601854,
                0.5926376275603757,
                -0.5117158350000469,
                1.0215580872479897
            ],
            [
                0.7825327296979362,
                -0.4484077165515561,
                0.4319930299013296,
                -0.02827944671710221
            ],
            [
                0.026554973273672934,
                -0.6691459950176081,
                -0.7426810215940514,
                1.6062544929181013
            ],
            [
                0.0,
                0.0,
                0.0,
                1.0
            ]
        ],
        [
            [
                0.698988715069439,
                0.5572356578614288,
                -0.4483000481314576,
                0.9629621961179773
            ],
            [
                0.7108805128863834,
                -0.47273228963534447,
                0.5207908015234113,
                -0.04308186771570906
            ],
            [
                0.07827136917331799,
                -0.6826849967151019,
                -0.726534319432254,
                1.6275760540547923
            ],
            [
                0.0,
                0.0,
                0.0,
                1.0
            ]
        ],
        [
            [
                0.7647317930735594,
                0.5123888073097027,
                -0.39078740095342007,
                0.9077500722456617
            ],
            [
                0.6337193551574518,
                -0.4880148705403394,
                0.6002444691753226,
                -0.07457711090025326
            ],
            [
                0.11684055855858684,
                -0.7066434165156619,
                -0.6978829644744328,
                1.6071798371438921
            ],
            [
                0.0,
                0.0,
                0.0,
                1.0
            ]
        ],
        [
            [
                0.7922064750896068,
                0.4870104561599289,
                -0.367839614476903,
                0.8518429145568646
            ],
            [
                0.6032946282982828,
                -0.5337279180858084,
                0.5926440703581021,
                -0.08140077533683114
            ],
            [
                0.09229112284246055,
                -0.6913789613508042,
                -0.7166005536044121,
                1.580968035943219
            ],
            [
                0.0,
                0.0,
                0.0,
                1.0
            ]
        ],
        [
            [
                0.8267485688073748,
                0.46649354272006865,
                -0.31456041208538554,
                0.797981328498878
            ],
            [
                0.5557601602599909,
                -0.5899259721036771,
                0.5858116950629743,
                -0.0810959257917419
            ],
            [
                0.08770352559269538,
                -0.6591075317500943,
                -0.7469424110116539,
                1.5590329337012894
            ],
            [
                0.0,
                0.0,
                0.0,
                1.0
            ]
        ],
        [
            [
                0.8446075058361219,
                0.4308969325583573,
                -0.3178744141764081,
                0.746038236743844
            ],
            [
                0.5333346911548347,
                -0.6241417707583796,
                0.5710184843055356,
                -0.08868076574971663
            ],
            [
                0.04764732019520616,
                -0.6517885058165256,
                -0.7569301705457085,
                1.5364444578871193
            ],
            [
                0.0,
                0.0,
                0.0,
                1.0
            ]
        ],
        [
            [
                0.8824020593704242,
                0.3761213406000579,
                -0.2828063641788415,
                0.6832399183201332
            ],
            [
                0.4698160791772299,
                -0.669859686372753,
                0.5750007900165102,
                -0.1004559989147823
            ],
            [
                0.02682574215718417,
                -0.6402153834731744,
                -0.7677575972700076,
                1.4737008458460228
            ],
            [
                0.0,
                0.0,
                0.0,
                1.0
            ]
        ],
        [
            [
                0.9083400558087988,
                0.3506204186446649,
                -0.22817929691178343,
                0.6355509855170844
            ],
            [
                0.41657558962269775,
                -0.7081822660779152,
                0.5700980241265449,
                -0.1151219639208818
            ],
            [
                0.038291632221959124,
                -0.6128624709032765,
                -0.7892925000822233,
                1.4655058060544477
            ],
            [
                0.0,
                0.0,
                0.0,
                1.0
            ]
        ],
        [
            [
                0.9451106002431223,
                0.2835961277649046,
                -0.16255537702927111,
                0.5780398449957744
            ],
            [
                0.32228179876617963,
                -0.7252675353412097,
                0.6084331693902189,
                -0.15599364747957067
            ],
            [
                0.05464776472131603,
                -0.6273898314459139,
                -0.7768194543114361,
                1.4871930254559262
            ],
            [
                0.0,
                0.0,
                0.0,
                1.0
            ]
        ],
        [
            [
                0.9652323092009012,
                0.24112565694163324,
                -0.10135117021304037,
                0.5382306106644122
            ],
            [
                0.24903944435179015,
                -0.7287464922405832,
                0.6379494354450923,
                -0.1874242839419886
            ],
            [
                0.07996048628559377,
                -0.6409719488802034,
                -0.7634241750349837,
                1.5102476445671837
            ],
            [
                0.0,
                0.0,
                0.0,
                1.0
            ]
        ],
        [
            [
                0.9802956693425791,
                0.18882477730904831,
                -0.058761685657871224,
                0.4698596224825275
            ],
            [
                0.1797302439843825,
                -0.7267085715739339,
                0.6630734894618849,
                -0.2382943705860788
            ],
            [
                0.08249571250510002,
                -0.6605317195899338,
                -0.7462912410412536,
                1.5571831375609364
            ],
            [
                0.0,
                0.0,
                0.0,
                1.0
            ]
        ],
        [
            [
                0.9862244388455862,
                0.162921188115314,
                -0.030099072686751126,
                0.39736099414399834
            ],
            [
                0.14160770745968382,
                -0.7345697022481069,
                0.6636480730900131,
                -0.27279009011152333
            ],
            [
                0.08600606597485418,
                -0.6587289605127649,
                -0.7474846002042954,
                1.6002161141837163
            ],
            [
                0.0,
                0.0,
                0.0,
                1.0
            ]
        ],
        [
            [
                0.9873218308082614,
                0.1588489771905461,
                0.007208443679679169,
                0.3434093127732362
            ],
            [
                0.1082573412689574,
                -0.7046638010387105,
                0.7012877997075013,
                -0.2886939484392479
            ],
            [
                0.11647035017545039,
                -0.6915754774474013,
                -0.7128924492138108,
                1.640501707081564
            ],
            [
                0.0,
                0.0,
                0.0,
                1.0
            ]
        ],
        [
            [
                0.9905988580115791,
                0.13350041674625757,
                0.031331023083513834,
                0.269409453649849
            ],
            [
                0.06624647022434754,
                -0.6659276133996388,
                0.7431183405317533,
                -0.2922077495131589
            ],
            [
                0.12006267940354748,
                -0.7340125316289412,
                -0.6684798126187511,
                1.6674885460514457
            ],
            [
                0.0,
                0.0,
                0.0,
                1.0
            ]
        ],
        [
            [
                0.9908508392979154,
                0.11844598695445277,
                0.06538107813652748,
                0.2019905421265689
            ],
            [
                0.025658175445001485,
                -0.6389912088423788,
                0.7688355229221213,
                -0.29348208390774205
            ],
            [
                0.13283493063122534,
                -0.7600791667118751,
                -0.6361539242215416,
                1.6590854054663242
            ],
            [
                0.0,
                0.0,
                0.0,
                1.0
            ]
        ],
        [
            [
                0.9905158947481781,
                0.11008520012364142,
                0.08277266604635967,
                0.10697995450541466
            ],
            [
                0.010492002216791533,
                -0.6595247918711821,
                0.7516621495458251,
                -0.2562200126754745
            ],
            [
                0.13732931490160627,
                -0.743618854028398,
                -0.6543949865258362,
                1.6480930388866168
            ],
            [
                0.0,
                0.0,
                0.0,
                1.0
            ]
        ],
        [
            [
                0.9930509438059214,
                0.10163862952042632,
                0.06009684641065707,
                0.04118449127201756
            ],
            [
                0.01899275947036574,
                -0.6398169323400403,
                0.7683448664638193,
                -0.22560015979793865
            ],
            [
                0.116537478332256,
                -0.7618169020625876,
                -0.6372731461033448,
                1.6340429069226508
            ],
            [
                0.0,
                0.0,
                0.0,
                1.0
            ]
        ],
        [
            [
                0.99505067832713,
                0.058066863287213166,
                0.08123539954144685,
                -0.0073740076344508835
            ],
            [
                -0.03964518185091099,
                -0.5169118592407093,
                0.8551706518280593,
                -0.19271318757549863
            ],
            [
                0.09164315450774252,
                -0.8541062686589553,
                -0.5120294532290915,
                1.5724017701804398
            ],
            [
                0.0,
                0.0,
                0.0,
                1.0
            ]
        ],
        [
            [
                0.9910898272731635,
                0.08265059073919433,
                0.10492694234341975,
                -0.03794318100842298
            ],
            [
                -0.05544511971346946,
                -0.46010135845398625,
                0.8861830988473289,
                -0.18070559701864092
            ],
            [
                0.12151381753302612,
                -0.8840498811814341,
                -0.45139998460659664,
                1.4920559009875312
            ],
            [
                0.0,
                0.0,
                0.0,
                1.0
            ]
        ],
        [
            [
                0.9928882556382215,
                0.10980334046527286,
                0.047101636402259825,
                -0.06840360880663823
            ],
            [
                0.012858132245904604,
                -0.49010739220210864,
                0.8716171685937475,
                -0.13990989769534523
            ],
            [
                0.1187840145732843,
                -0.8647584325363944,
                -0.4880121159162033,
                1.4519713180730291
            ],
            [
                0.0,
                0.0,
                0.0,
                1.0
            ]
        ],
        [
            [
                0.9867378798160058,
                0.1533446769245933,
                -0.05418639155850362,
                -0.06653237459112504
            ],
            [
                0.12349240701560109,
                -0.4895782211450333,
                0.8632218757475594,
                -0.0990147511468609
            ],
            [
                0.10583427984718169,
                -0.8584112063448419,
                -0.501999963211507,
                1.409959478729928
            ],
            [
                0.0,
                0.0,
                0.0,
                1.0
            ]
        ],
        [
            [
                0.9918690271152791,
                0.12760392805455573,
                -0.004103885218302902,
                -0.13822600694831327
            ],
            [
                0.06538996412478738,
                -0.4800996863358028,
                0.8748256588146502,
                -0.0683142362535561
            ],
            [
                0.10965293377993761,
                -0.8679256098723949,
                -0.48451822995319505,
                1.3931301168356471
            ],
            [
                0.0,
                0.0,
                0.0,
                1.0
            ]
        ],
        [
            [
                0.9946052518397331,
                0.06647229942911834,
                -0.08026871898570985,
                -0.2248721575711582
            ],
            [
                0.10158115340359317,
                -0.44592128094562217,
                0.8893420134699007,
                -0.05328442638209983
            ],
            [
                0.023320178096315786,
                -0.8926405810212702,
                -0.4502484990547458,
                1.38941973096595
            ],
            [
                0.0,
                0.0,
                0.0,
                1.0
            ]
        ],
        [
            [
                0.9892836662963792,
                -0.058705294359675794,
                -0.1340703360228606,
                -0.2680592405674425
            ],
            [
                0.09432591102559151,
                -0.4447609585018953,
                0.8907230297874491,
                -0.03563584644971476
            ],
            [
                -0.11191405404222607,
                -0.8937664647722257,
                -0.4344379602590006,
                1.3357192235262352
            ],
            [
                0.0,
                0.0,
                0.0,
                1.0
            ]
        ],
        [
            [
                0.9780338863207828,
                -0.20053780435304178,
                0.057809431813774306,
                -0.2898783447719781
            ],
            [
                -0.13997875388548403,
                -0.42487343113144627,
                0.8944205924277483,
                -0.04640694579229989
            ],
            [
                -0.15479330579915018,
                -0.8828063793550952,
                -0.44359144955574514,
                1.2806906899887962
            ],
            [
                0.0,
                0.0,
                0.0,
                1.0
            ]
        ],
        [
            [
                0.8895083029334504,
                -0.38221814255045333,
                0.2505905810871772,
                -0.3423499062103672
            ],
            [
                -0.39779817971785175,
                -0.3775040899041949,
                0.8362725712798074,
                -0.05996185544981919
            ],
            [
                -0.22502181914477687,
                -0.8434968052962671,
                -0.48781397617890365,
                1.2505607504172536
            ],
            [
                0.0,
                0.0,
                0.0,
                1.0
            ]
        ],
        [
            [
                0.822796548313829,
                -0.47282764877288325,
                0.31552278708267106,
                -0.3969134341027793
            ],
            [
                -0.5032057685210498,
                -0.34769238266047886,
                0.7912024171965747,
                -0.05672937945398322
            ],
            [
                -0.26437557390944244,
                -0.8097132118901099,
                -0.5239826665577332,
                1.2470107623967055
            ],
            [
                0.0,
                0.0,
                0.0,
                1.0
            ]
        ],
        [
            [
                0.7927822801634673,
                -0.4837039298959671,
                0.37100402757926765,
                -0.44602665599380986
            ],
            [
                -0.5609920558647439,
                -0.34074493131280875,
                0.7545138364484667,
                -0.04585117992220329
            ],
            [
                -0.23852362695899917,
                -0.8062345919861293,
                -0.5414629999919274,
                1.2450920800020084
            ],
            [
                0.0,
                0.0,
                0.0,
                1.0
            ]
        ],
        [
            [
                0.7910389039911221,
                -0.46396915160709706,
                0.3988856108934134,
                -0.5101725878063611
            ],
            [
                -0.5750500718820347,
                -0.3410281334697917,
                0.7437272794780602,
                -0.024740187443223583
            ],
            [
                -0.2090176635269901,
                -0.8176330736367757,
                -0.5365439420767164,
                1.2603213868234888
            ],
            [
                0.0,
                0.0,
                0.0,
                1.0
            ]
        ],
        [
            [
                0.7896747196264499,
                -0.4765929100153637,
                0.3865134976393023,
                -0.559876801697696
            ],
            [
                -0.5759917016361495,
                -0.35852394953394057,
                0.7347160156019864,
                0.005605829172509172
            ],
            [
                -0.21156815924524502,
                -0.8027532255909842,
                -0.5576014640233524,
                1.2748490809190403
            ],
            [
                0.0,
                0.0,
                0.0,
                1.0
            ]
        ],
        [
            [
                0.773733506922027,
                -0.5011994994531223,
                0.3876357001725242,
                -0.6152588087984496
            ],
            [
                -0.5932450554719736,
                -0.35817100495882237,
                0.7210334733262832,
                0.05109936802908717
            ],
            [
                -0.22252202792037656,
                -0.7877880490386735,
                -0.5744327984170557,
                1.2971645371445624
            ],
            [
                0.0,
                0.0,
                0.0,
                1.0
            ]
        ],
        [
            [
                0.7580547376864001,
                -0.5447575814050767,
                0.3587779150553091,
                -0.6526890594691248
            ],
            [
                -0.5866434078691359,
                -0.3288852887533939,
                0.740135982903263,
                0.08661273848167883
            ],
            [
                -0.2851736044409165,
                -0.7714755959056488,
                -0.568859614441589,
                1.315632627059282
            ],
            [
                0.0,
                0.0,
                0.0,
                1.0
            ]
        ],
        [
            [
                0.7296951594261486,
                -0.563243037494745,
                0.38785669407314083,
                -0.6642829945244845
            ],
            [
                -0.6194333352123539,
                -0.3040213381411862,
                0.723872458037942,
                0.14064826026412575
            ],
            [
                -0.28977431851353846,
                -0.7683961148500341,
                -0.5707021966085787,
                1.3354837110042115
            ],
            [
                0.0,
                0.0,
                0.0,
                1.0
            ]
        ],
        [
            [
                0.6474476773457166,
                -0.5856962139716935,
                0.48775384565307756,
                -0.6835846606066189
            ],
            [
                -0.7208638680719508,
                -0.26266630369216115,
                0.6414685115831817,
                0.19138663080347956
            ],
            [
                -0.24756581758855606,
                -0.7668598722820512,
                -0.5922349198878749,
                1.3472476534399076
            ],
            [
                0.0,
                0.0,
                0.0,
                1.0
            ]
        ],
        [
            [
                0.5766686173094028,
                -0.6091227788845228,
                0.5445751906190592,
                -0.6969821607327781
            ],
            [
                -0.7905234086595366,
                -0.24745448074300117,
                0.5603265639489268,
                0.23923469460125213
            ],
            [
                -0.2065288908857559,
                -0.7535573173419579,
                -0.6241847135830846,
                1.3676495068455867
            ],
            [
                0.0,
                0.0,
                0.0,
                1.0
            ]
        ],
        [
            [
                0.5474909091615623,
                -0.6061387061791292,
                0.577055299417949,
                -0.7210978135973267
            ],
            [
                -0.8203848052538366,
                -0.2524240750206305,
                0.5132088463508903,
                0.28914205362533674
            ],
            [
                -0.16539372442225153,
                -0.7543152840051695,
                -0.6354248336443354,
                1.3784346628373167
            ],
            [
                0.0,
                0.0,
                0.0,
                1.0
            ]
        ],
        [
            [
                0.5307593006005854,
                -0.6008552649635348,
                0.5978403834275291,
                -0.7419860432383287
            ],
            [
                -0.841751463112803,
                -0.2908978002191441,
                0.454938059645227,
                0.3607147110421815
            ],
            [
                -0.09942679954881611,
                -0.7446261895994892,
                -0.660121472344293,
                1.3855822315770325
            ],
            [
                0.0,
                0.0,
                0.0,
                1.0
            ]
        ],
        [
            [
                0.5123419479101795,
                -0.6057733143042875,
                0.608848073474539,
                -0.7388176319577354
            ],
            [
                -0.8538305395016409,
                -0.2826031108324639,
                0.4373172309508668,
                0.42000191259712305
            ],
            [
                -0.09283819031011899,
                -0.7438363164528091,
                -0.6619693474537974,
                1.4043364242909815
            ],
            [
                0.0,
                0.0,
                0.0,
                1.0
            ]
        ],
        [
            [
                0.523791990473087,
                -0.5947528913241642,
                0.6099732875274831,
                -0.7290472262369946
            ],
            [
                -0.8480483494652477,
                -0.29570844916115924,
                0.43989870453209484,
                0.4681217420088089
            ],
            [
                -0.08124313414610398,
                -0.7476266618288615,
                -0.6592191116530721,
                1.4123785514261977
            ],
            [
                0.0,
                0.0,
                0.0,
                1.0
            ]
        ],
        [
            [
                0.5371583731861889,
                -0.5672282007210406,
                0.6243998396868683,
                -0.7120011935060093
            ],
            [
                -0.8427264574606514,
                -0.3277322688463944,
                0.42725383831624886,
                0.5203332331906639
            ],
            [
                -0.03770496871460199,
                -0.7556246670576402,
                -0.6540114193889957,
                1.4068773998960653
            ],
            [
                0.0,
                0.0,
                0.0,
                1.0
            ]
        ],
        [
            [
                0.5236944103302634,
                -0.5550499075316175,
                0.6464023213126934,
                -0.6681391538686061
            ],
            [
                -0.8519990475619476,
                -0.3412929855157885,
                0.3971954330398724,
                0.5196782561649381
            ],
            [
                0.0001559224994852156,
                -0.7586642669097406,
                -0.6515794628125067,
                1.4103949097992847
            ],
            [
                0.0,
                0.0,
                0.0,
                1.0
            ]
        ],
        [
            [
                0.4827274926731922,
                -0.5899131148797764,
                0.6474194954437794,
                -0.643483940111506
            ],
            [
                -0.8757401104232218,
                -0.3127169461624905,
                0.3680195192474364,
                0.4744543685827902
            ],
            [
                -0.014631906818046094,
                -0.7445451420637088,
                -0.6675082869419813,
                1.3953126471126989
            ],
            [
                0.0,
                0.0,
                0.0,
                1.0
            ]
        ],
        [
            [
                0.43966176364739856,
                -0.6316444124670845,
                0.6386711900787048,
                -0.6390870220108972
            ],
            [
                -0.8972332983407754,
                -0.27492468366393624,
                0.34574824936682486,
                0.43351866112675913
            ],
            [
                -0.04279211382417524,
                -0.7249714239684194,
                -0.6875423053644272,
                1.3696327924631437
            ],
            [
