{
    "trj_id": [
        0,
        6,
        12,
        17,
        22,
        27,
        32,
        37,
        45,
        51
    ],
    "trj_est": [
        [
            [
                0.8565045907016036,
                0.3657903301947712,
                -0.3641391498357176,
                1.3013000000000001
            ],
            [
                0.515472895780805,
                -0.5703826028174923,
                0.639493064949491,
                0.8587000000000004
            ],
            [
                0.02622174331409512,
                -0.7354326078840551,
                -0.6770903185236271,
                1.5166
            ],
            [
                0.0,
                0.0,
                0.0,
                1.0
            ]
        ],
        [
            [
                0.9195726761636691,
                0.251410692636907,
                -0.3019634444632234,
                1.3414264501810007
            ],
            [
                0.3928911118812391,
                -0.5981794770382608,
                0.69844079065346,
                0.809044471126318
            ],
            [
                -0.005032900710459242,
                -0.7609053014391635,
                -0.6488445816966683,
                1.5330569224824082
            ],
            [
                0.0,
                0.0,
                0.0,
                1.0
            ]
        ],
        [
            [
                0.9177640735960058,
                0.21532741144640866,
                -0.3336948417686138,
                1.363159245782442
            ],
            [
                0.3965577124346411,
                -0.5422191420647479,
                0.7407725207778916,
                0.7147085099525717
            ],
            [
                -0.0214262704797648,
                -0.8121824790035425,
                -0.5830139386864253,
                1.5559961536333402
            ],
            [
                0.0,
                0.0,
                0.0,
                1.0
            ]
        ],
        [
            [
                0.862599580108732,
                0.2641701026041146,
                -0.4314475883846054,
                1.3430250232295209
            ],
            [
                0.5052938222698006,
                -0.4915415940098143,
                0.7092756752754125,
                0.6248451661764798
            ],
            [
                -0.02470398824509429,
                -0.8298258170786512,
                -0.557479780626333,
                1.5601401301472044
            ],
            [
                0.0,
                0.0,
                0.0,
                1.0
            ]
        ],
        [
            [
                0.7652630748658713,
                0.3367486153410426,
                -0.5486216222364211,
                1.3146718051572148
            ],
            [
                0.6424543855021737,
                -0.4531169020330113,
                0.6180198541857985,
                0.5736570285917802
            ],
            [
                -0.04047049722692337,
                -0.8254061796228852,
                -0.5630933258813923,
                1.5661820710676417
            ],
            [
                0.0,
                0.0,
                0.0,
                1.0
            ]
        ],
        [
            [
                0.6228026648912152,
                0.4369174908337041,
                -0.6490270665689596,
                1.2542545917939372
            ],
            [
                0.7823582561440693,
                -0.3552956144211646,
                0.5115631717955335,
                0.5291902846214634
            ],
            [
                -0.007084002734753398,
                -0.8263643190444575,
                -0.5630993664217561,
                1.5666595299242188
            ],
            [
                0.0,
                0.0,
                0.0,
                1.0
            ]
        ],
        [
            [
                0.48385102485450593,
                0.5030412179728119,
                -0.7161396750068973,
                1.2265858264590368
            ],
            [
                0.8737904876488323,
                -0.23187405120484206,
                0.42748588647345237,
                0.49299621848372877
            ],
            [
                0.04898976562525916,
                -0.8325839126861966,
                -0.5517391539760486,
                1.5586922065853857
            ],
            [
                0.0,
                0.0,
                0.0,
                1.0
            ]
        ],
        [
            [
                0.33349769750055863,
                0.5682976127758564,
                -0.7522218402342016,
                1.216889975534323
            ],
            [
                0.9347355935825159,
                -0.09541494235476097,
                0.3423266023419419,
                0.45575066586478097
            ],
            [
                0.12276975854232278,
                -0.8172792618150986,
                -0.5630227730649939,
                1.54178521203149
            ],
            [
                0.0,
                0.0,
                0.0,
                1.0
            ]
        ],
        [
            [
                0.16691010000613832,
                0.6056974709103848,
                -0.7780111783319441,
                1.2498174577146604
            ],
            [
                0.9844579491265404,
                -0.05848247615174668,
                0.16566737737897896,
                0.4361477701523862
            ],
            [
                0.05484389117487303,
                -0.7935556743357468,
                -0.6060367892116273,
                1.5013540820324178
            ],
            [
                0.0,
                0.0,
                0.0,
                1.0
            ]
        ],
        [
            [
                0.25806821457340917,
                0.6065364666506332,
                -0.7520286986030542,
                1.2795329224369159
            ],
            [
                0.966016083856813,
                -0.14950894814623863,
                0.2109131707892777,
                0.4011378273719602
            ],
            [
                0.015491962393578283,
                -0.7808876872654105,
                -0.6244977057577581,
                1.470865859367864
            ],
            [
                0.0,
                0.0,
                0.0,
                1.0
            ]
        ]
    ],
    "trj_gt": [
        [
            [
                0.8565045907016036,
                0.3657903301947712,
                -0.3641391498357176,
                1.3013000000000001
            ],
            [
                0.515472895780805,
                -0.5703826028174923,
                0.639493064949491,
                0.8587000000000004
            ],
            [
                0.02622174331409512,
                -0.7354326078840551,
                -0.6770903185236271,
                1.5166
            ],
            [
                0.0,
                0.0,
                0.0,
                1.0
            ]
        ],
        [
            [
                0.915630211488677,
                0.25637875763940016,
                -0.30966312089184717,
                1.3531
            ],
            [
                0.4019766674108741,
                -0.5953619264541178,
                0.6956715714948319,
                0.8096999999999995
            ],
            [
                -0.006006218981070387,
                -0.7614552574906286,
                -0.6481896452223161,
                1.5335000000000003
            ],
            [
                0.0,
                0.0,
                0.0,
                1.0
            ]
        ],
        [
            [
                0.9075399275617232,
                0.22482925673276638,
                -0.3547154989540975,
                1.3850000000000002
            ],
            [
                0.4191660136213815,
                -0.537029702645547,
                0.7320511945903749,
                0.7190999999999995
            ],
            [
                -0.025906232956998017,
                -0.8130503697763302,
                -0.5816166807275654,
                1.5602
            ],
            [
                0.0,
                0.0,
                0.0,
                1.0
            ]
        ],
        [
            [
                0.8468828982055754,
                0.2723778032497898,
                -0.45672714942703374,
                1.3781
            ],
            [
                0.5305008274670163,
                -0.4922534453723155,
                0.6901126122423034,
                0.6416000000000001
            ],
            [
                -0.036854155583001175,
                -0.8267386998416753,
                -0.5613776744762481,
                1.5737
            ],
            [
                0.0,
                0.0,
                0.0,
                1.0
            ]
        ],
        [
            [
                0.7478203217957843,
                0.3424618092763308,
                -0.5687571322598354,
                1.3436
            ],
            [
                0.6619956096893624,
                -0.44950425284906104,
                0.5997564000680742,
                0.5769999999999997
            ],
            [
                -0.050265087896660475,
                -0.8250247486335114,
                -0.5628566292413651,
                1.5831
            ],
            [
                0.0,
                0.0,
                0.0,
                1.0
            ]
        ],
        [
            [
                0.59374237475367,
                0.4336969826078438,
                -0.6777735017679022,
                1.2954999999999997
            ],
            [
                0.8043403364588915,
                -0.34345450404932887,
                0.4848459825485066,
                0.5257000000000004
            ],
            [
                -0.0225081222466492,
                -0.8330341715230422,
                -0.5527634697660913,
                1.5851000000000004
            ],
            [
                0.0,
                0.0,
                0.0,
                1.0
            ]
        ],
        [
            [
                0.4677955958883367,
                0.49431477911411464,
                -0.7326801345859186,
                1.2618999999999996
            ],
            [
                0.8833039629148366,
                -0.23269477070806985,
                0.40697328264158017,
                0.4866
            ],
            [
                0.030682072394490566,
                -0.8375595756926684,
                -0.545483792242351,
                1.5814000000000001
            ],
            [
                0.0,
                0.0,
                0.0,
                1.0
            ]
        ],
        [
            [
                0.3138758670258673,
                0.5569195817272938,
                -0.7689749798188862,
                1.2477999999999996
            ],
            [
                0.9439117488619692,
                -0.09557110139885118,
                0.3160645107217041,
                0.44789999999999996
            ],
            [
                0.1025307293405231,
                -0.8250495403708236,
                -0.5556803986778677,
                1.5663000000000002
            ],
            [
                0.0,
                0.0,
                0.0,
                1.0
            ]
        ],
        [
            [
                0.16467494296128707,
                0.587115018375238,
                -0.792576884825025,
                1.2847999999999997
            ],
            [
                0.9859197991521306,
                -0.07430690170051388,
                0.14980198262871125,
                0.41650000000000015
            ],
            [
                0.029057061112910232,
                -0.8060858760441806,
                -0.5910848057948762,
                1.5234000000000003
            ],
            [
                0.0,
                0.0,
                0.0,
                1.0
            ]
        ],
        [
            [
                0.25530227301653674,
                0.5915560670868729,
                -0.7647758945503585,
                1.3153999999999995
            ],
            [
                0.9668573528558341,
                -0.15845792608745804,
                0.2001947673858403,
                0.3751999999999998
            ],
            [
                -0.002758372925991386,
                -0.7905393760925339,
                -0.6124050017970364,
                1.4901000000000002
            ],
            [
                0.0,
                0.0,
                0.0,
                1.0
            ]
        ]
    ]
}